RELEASE_YEAR	SAMPLE	Detections	Release_Date	Weight	CB_ANCESTRY	HL	Sex
2016	BE1205	0	113	160	0.073444444	0.346825937	2
2016	BE1206	0	113	177	0.146111111	0.597225156	2
2016	BE1207	0	113	149	0.316888889	0.157470886	2
2016	BE1204	0	113	132	0.099666667	0.168236126	2
2014	BE0401	1	115	314	0.548333333	0.230430902	1
2014	BE0402	0	115	151	0.408222222	0.174754456	2
2014	BE0403	0	115	158	0.027777778	0.111046298	1
2014	BE0404	0	115	168	0.710888889	0.328769647	2
2014	BE0406	0	115	283	0.048888889	0.053463798	1
2014	BE0407	0	115	207	0.419777778	0.417164995	1
2014	BE0409	0	115	347	0.601	0.181875938	1
2014	BE0410	0	115	174	0.658222222	0.328683864	2
2014	BE0412	0	115	176	0.328333333	0.1031708	2
2016	LE1003	0	119	195	0.291111111	0.313084792	1
2016	LE1004	0	119	154	0.169777778	0.341551807	1
2016	LE1005	0	119	298	0.182111111	0.238399278	1
2016	LE1001	0	160	368	0.188333333	0.215511201	2
2016	LE1006	0	163	189	0.149666667	0.16868103	2
2016	LE1008	0	163	128	0.191222222	0.173409196	2
2016	LE1011	0	163	218	0.118555556	0.055858986	2
2016	LE1012	1	163	126	0.105111111	0.255246874	1
2016	LE1013	0	163	268	0.233444444	0.291970085	2
2016	LE1014	0	163	129	0.271222222	0.226237732	1
2016	LE1015	0	163	249	0.291777778	0.053325402	1
2016	LE1016	1	163	230	0.250444444	0.235586633	1
2016	LE1017	0	163	192	0.122555556	0.411054227	1
2016	LE1018	0	163	212	0.100333333	0.349591568	1
2016	LE1019	0	163	273	0.117777778	0.118974028	2
2016	LE1020	0	163	257	0.322	0.294249364	2
2016	LE1021	0	163	128	0.163222222	0.349440261	2
2016	BE1208	0	164	127	0.125666667	0.234636814	2
2016	BE1209	0	164	135	0.213333333	0.526519688	1
2016	BE1210	0	164	231	0.311	0.162597306	1
2016	BE1211	0	164	184	0.177777778	0.460451228	2
2016	LE1022	0	177	188	0.140333333	0.157811158	2
2015	SBFSE701	0	107	158	0.1243	0.194443178	1
2016	BE1264	0	111	219	0.275777778	0.105565988	1
2016	BE1266	0	111	425	0.266777778	0.282941269	1
2016	BE1269	0	111	371	0.091777778	0.161954025	1
2016	BE1270	0	111	247	0.277222222	0.102476637	2
2016	BE1271	0	111	365	0.083777778	0.280208376	1
2015	SBFLE702	0	112	208	0.0853	0.103032404	2
2014	SBFSE402	0	112	238	0.152777778	0.053325402	1
2014	SBFSE414	0	112	224	0.029888889	0.221066974	1
2014	DE403	0	112	234	0.012888889	0.120795963	2
2014	DE405	0	112	180	0.029888889	0.232109006	1
2014	DE409	0	112	253	0.019222222	0.525205819	2
2014	DE410	0	112	202	0.014777778	0.461303739	1
2014	DE412	1	112	155	0.045222222	0.191926729	2
2014	DE413	0	112	223	0.013	0.245787364	1
2014	DE419	1	112	245	0.011777778	0.107289501	2
2014	DE420	0	112	218	0.032888889	0.484186888	1
2014	DE422	0	112	156	0.027222222	0.107763885	2
2014	DE424	1	112	169	0.024333333	0.235188627	2
2014	DE425	0	112	151	0.015333333	0.370471128	1
2014	SBFSE403	0	112	236	0.016777778	0.059258942	1
2014	SBFSE405	0	112	209	0.031111111	0.22684866	2
2014	SBFSE408	0	112	241	0.028111111	0.165804199	2
2014	SBFSE412	0	112	222	0.046777778	0.053463798	1
2015	SBFLE703	0	112	214	0.0865	0.283934062	2
2015	SBFLE704	0	112	336	0.1123	0.115644616	2
2015	SBFLE705	0	112	258	0.2756	0.113976981	1
2015	SBFLE708	0	112	197	0.211	0.260829461	1
2015	SBFLE709	0	112	149	0.3511	0.1739398	2
2015	SBFLE713	0	112	193	0.3087	0.19378984	1
2015	SBFLE715	0	112	162	0.236	0.169653503	1
2015	SBFLE716	0	112	209	0.1912	0.293918276	2
2015	SBFLE717	0	112	182	0.07	0.377121969	2
2015	SBFLE718	0	112	217	0.1539	0.223152547	2
2015	SBFLE720	0	112	187	0.2398	0.188542863	1
2015	SBFLE721	0	112	139	0.1879	0.052769636	2
2015	SBFLE724	0	112	141	0.2424	0.178506326	2
2015	SBFLE712	0	112	167	0.3328	0.1962745	2
2015	SBFLE707	0	112	270	0.2556	0.310713706	1
2015	SBFLE723	0	112	203	0.0655	0.249752164	1
2014	DE408	0	112	152	0.019	0.174939646	2
2014	SBFSE411	0	112	204	0.017111111	0.166328665	2
2014	SBFSE425	0	112	263	0.108333333	0.168371543	1
2014	SBFSE430	0	112	260	0.100777778	0.343646878	2
2014	SBFSE432	0	112	227	0.098	0.109624567	2
2014	DE418	0	112	193	0.024333333	0.445988471	1
2014	DE416	0	112	258	0.017111111	0.624959066	2
2014	DE402	0	112	153	0.027666667	0.411161234	2
2015	BE0701	0	114	223	0.1276	0.184884343	1
2015	BE0702	0	114	135	0.0913	0.129728625	2
2015	BE0704	0	114	140	0.1689	0.158340209	2
2015	BE0706	0	114	362	0.0621	0.177274725	2
2015	BE0707	0	114	137	0.4265	0.193598587	1
2015	BE0708	0	114	142	0.2327	0.114951021	2
2015	BE0709	0	114	170	0.2375	0.116382463	2
2015	BE0710	0	114	256	0.1691	0.2278977	2
2015	BE0711	0	114	258	0.1836	0	1
2015	BE0713	0	114	139	0.3576	0.259905809	1
2015	BE0714	0	114	276	0.3952	0.108772277	1
2015	BE0716	0	114	153	0.383	0.226209136	1
2015	BE0718	0	114	292	0.364	0.181543423	2
2015	BE0719	0	114	149	0.4791	0.287411749	1
2015	BE0720	0	114	155	0.194	0.208741373	1
2015	BE0721	0	114	310	0.4166	0.340872827	1
2015	BE0723	0	114	338	0.1551	0.055858986	1
2015	BE0724	0	114	419	0.1563	0.222213341	2
2015	BE0725	0	114	173	0.4061	0.273081707	1
2015	BE0726	0	114	129	0.265	0.221014293	1
2015	BE0727	0	114	297	0.0897	0.226794197	2
2015	BE0728	0	114	368	0.1036	0.222213341	1
2015	BE0729	0	114	315	0.4707	0.295724154	2
2015	BE0731	0	114	294	0.2467	0.213329872	2
2014	BE0414	0	115	180	0.199555556	0.105570573	1
2014	BE0415	0	115	181	0.015777778	0.163291468	2
2014	BE0416	0	115	284	0.310777778	0.335451787	1
2014	BE0418	0	115	336	0.197555556	0.347699909	1
2016	LE1000	0	119	158	0.158777778	0.101952172	2
2016	LE1002	0	119	144	0.102111111	0.23975958	2
2015	BE0732	0	119	311	0.2632	0.293602718	1
2015	BE0733	0	119	160	0.4383	0.223513102	1
2015	BE0734	0	119	371	0.3453	0.2811517	1
2015	BE0735	0	119	147	0.3998	0.40202972	2
2015	BE0736	0	119	160	0.1883	0.299259411	1
2015	BE0737	0	119	128	0.2034	0.155277574	1
2015	BE0738	0	119	349	0.172	0.221392684	2
2015	BE0740	0	119	171	0.2782	0.104007088	2
2015	BE0741	0	119	404	0.485	0.162996632	1
2015	BE0742	0	119	209	0.1197	0.113289631	1
2015	BE0743	0	119	146	0.1148	0.111504113	2
2015	BE0744	0	119	129	0.1278	0.156496202	1
2015	BE0747	0	119	353	0.152	0.117469636	2
2015	BE0750	0	119	196	0.1295	0.06810415	2
2015	BE0751	0	119	254	0.4793	0.273000322	1
2015	BE0756	0	119	437	0.2688	0.168205296	1
2015	BE0758	0	119	333	0.1323	0.178154412	2
2015	BE0759	0	119	379	0.2187	0.329984822	2
2015	SBFLE706	0	120	103	0.1301	0.171329946	1
2015	SBFLE710	0	120	110	0.0861	0.129708438	1
2015	SBFLE726	0	120	132	0.1026	0.162996632	2
2014	SBFLE404	1	120	252	0.025333333	0.17212834	2
2014	SBFLE405	0	120	152	0.031111111	0.110159073	1
2014	SBFLE414	0	120	161	0.224777778	0.108104157	1
2014	SBFLE416	1	120	362	0.030555556	0.052769636	2
2014	SBFLE418	0	120	199	0.201777778	0.262347297	1
2014	SBFLE419	0	120	154	0.192777778	0.118664541	2
2014	SBFLE421	1	120	217	0.142333333	0.160873793	1
2014	SBFLE422	0	120	195	0.015222222	0.355842856	1
2014	SBFLE423	0	120	281	0.019666667	0.215060982	1
2014	SBFLE431	0	120	320	0.031666667	0.123623397	2
2014	SBFLE432	0	120	247	0.115111111	0.11889547	1
2014	SBFLE433	0	120	282	0.397222222	0.269243525	2
2015	SBFLE727	0	120	237	0.2494	0.227630485	2
2015	SBFLE728	0	120	319	0.1004	0.180377743	1
2015	SBFLE729	0	120	378	0.2581	0.180798988	1
2015	SBFLE730	0	120	161	0.2925	0.126556808	1
2015	SBFLE731	0	120	184	0.0835	0	1
2015	SBFLE732	0	120	276	0.14	0.116101427	1
2015	SBFLE733	0	120	203	0.2269	0.235331214	2
2015	SBFLE734	0	120	206	0.1062	0.337720004	1
2015	SBFLE736	0	120	165	0.0812	0.113541469	2
2015	SBFLE738	0	120	197	0.2585	0.118724691	1
2015	SBFLE711	0	120	172	0.0596	0.179061132	2
2014	SBFLE408	1	120	157	0.083555556	0.119761243	1
2014	SBFLE412	0	120	167	0.058777778	0.186509302	2
2014	SBFLE429	0	120	316	0.167	0.182680424	2
2014	SBFLE403	0	120	167	0.053444444	0.321855855	1
2012	SBFSE020	0	122	280	0.4201	0.062661465	1
2013	SBFLE205	1	122	210	0.344	0.174561256	1
2013	SBFSE202	0	122	313	0.03975	0.180857405	1
2013	SBFSE203	0	122	168	0.07875	0.227709282	2
2013	SBFSE207	0	122	182	0.051875	0.118537656	1
2013	SBFSE212	1	122	213	0.08425	0	1
2013	SBFSE213	0	122	196	0.056375	0.180698717	2
2013	SBFSE214	0	122	185	0.04575	0.29464928	1
2013	SBFSE221	0	122	197	0.028625	0.17993993	2
2013	SBFSE222	0	122	335	0.046	0.127882392	2
2013	SBFSE223	0	122	211	0.029625	0.180888541	1
2013	SBFSE225	0	122	188	0.078625	0.101952172	2
2013	SBFSE228	0	122	312	0.261875	0.279282423	1
2013	SBFSE231	1	122	348	0.191125	0.181205896	2
2013	SBFSE232	0	122	182	0.0375	0.251945965	2
2013	SBFSE233	0	122	262	0.069875	0.15987066	2
2012	SBFSE019	0	122	261	0.5984	0.183032762	2
2013	SBFLE203	0	122	354	0.073	0.116609626	2
2013	SBFLE207	0	122	219	0.0943	0.169935028	1
2013	SBFLE214	0	122	305	0.332	0.162291346	1
2013	SBFSE201	0	122	178	0.0795	0.423193674	1
2013	SBFLE206	1	12	210	0.1247	0.230027923	1
2013	SBFLE208	0	12	236	0.1202	0.112385671	2
2013	SBFLE210	0	12	238	0.0649	0.235416328	1
2013	SBFLE201	0	123	212	0.3336	0.057582499	1
2015	SBFLE722	0	126	350	0.1194	0.07373303	1
2015	SBFLE739	0	126	175	0.2439	0.197557933	1
2015	BE0703	0	125	204	0.1977	0.107625489	1
2015	BE0705	0	125	184	0.2628	0.1239919	1
2015	BE0712	0	125	199	0.193	0.121326179	2
2015	BE0717	0	125	185	0.0987	0.525452216	2
2015	BE0722	0	125	218	0.0802	0.171653955	1
2015	BE0730	0	125	182	0.3155	0.129890668	1
2015	BE0739	0	125	171	0.2847	0.347617697	2
2015	BE0745	0	125	161	0.5386	0.393698399	1
2015	BE0746	0	125	136	0.1291	0.052245171	2
2015	BE0749	0	125	150	0.2511	0.1031708	1
2015	BE0757	0	125	165	0.405	0.268974999	2
2015	BE0764	0	125	190	0.088	0.305263217	1
2015	BE0766	0	125	126	0.1295	0.106789201	2
2015	BE0768	0	125	256	0.0772	0.16482493	1
2015	BE0770	0	125	213	0.0894	0.055857709	1
2015	BE0772	0	125	226	0.1977	0.185843282	1
2015	BE0774	0	125	220	0.1201	0.171579754	2
2015	BE0775	0	125	156	0.3101	0.226965288	1
2015	BE0779	0	125	175	0.1072	0.195799626	1
2015	BE0783	0	125	258	0.1866	0.359521179	2
2015	BE0785	0	125	363	0.2545	0.343913111	1
2015	BE0786	0	125	230	0.1748	0.175968301	1
2015	BE0788	0	125	165	0.4848	0.279836993	2
2015	BE0790	0	125	323	0.1356	0.116695426	1
2015	BE0791	0	125	164	0.2462	0.294995785	1
2015	BE0793	0	125	216	0.4035	0.126601822	2
2015	BE0795	0	125	357	0.2063	0.177630299	2
2015	BE0796	0	125	285	0.108	0.13694856	2
2015	BE0800	0	125	226	0.3251	0.195662093	1
2015	SBFLE740	0	125	387	0.1062	0.233992305	2
2015	SBFLE741	0	125	131	0.1394	0.337290938	1
2015	SBFLE742	0	125	279	0.2386	0.16539182	2
2015	SBFLE743	0	125	243	0.1457	0.293917555	2
2015	SBFLE744	0	125	218	0.0708	0.122786221	2
2014	DE437	0	128	184	0.174777778	0.052245171	1
2014	DE453	0	128	168	0.233333333	0.132166053	1
2014	DE441	0	128	213	0.012888889	0.250095919	1
2014	DE447	0	128	173	0.160444444	0.160614903	2
2014	DE429	0	128	148	0.027333333	0.049707001	1
2014	DE430	0	128	213	0.401222222	0.16868103	2
2014	DE432	0	128	213	0.140222222	0.055858986	1
2014	DE433	0	128	292	0.396888889	0.116520858	1
2014	DE442	0	128	198	0.225333333	0.203619453	1
2014	DE448	0	128	201	0.032777778	0.37905591	1
2014	DE449	0	128	342	0.021888889	0.107289501	1
2014	DE450	0	128	371	0.049333333	0.274163424	2
2014	DE428	0	128	187	0.013888889	0.428002084	1
2014	DE444	0	128	258	0.012666667	0.407377566	1
2014	SBFSE424	0	129	225	0.250111111	0.052769636	2
2014	DE407	0	129	269	0.035333333	0.122256441	1
2014	DE414	0	129	216	0.014777778	0.232807785	2
2014	DE426	0	129	261	0.016333333	0.263019786	2
2014	SBFSE409	0	129	213	0.510333333	0.16326603	2
2014	SBFSE427	0	129	170	0.038888889	0.219125016	2
2014	SBFSE431	0	129	158	0.096222222	0.297448931	1
2014	SBFSE417	0	129	189	0.036111111	0.288254239	2
2014	SBFSE440	0	129	170	0.100444444	0.215103407	1
2014	SBFSE442	0	129	243	0.101444444	0.062560222	2
2014	SBFSE447	0	129	155	0.083	0.229247605	2
2014	SBFSE451	0	129	263	0.163555556	0.395144006	2
2014	SBFSE464	0	129	185	0.031888889	0.214914989	2
2014	SBFSE421	0	129	193	0.190555556	0.1811948	2
2014	SBFSE436	0	129	208	0.074777778	0.1031708	1
2014	SBFSE437	0	129	165	0.299555556	0.402005212	2
2014	SBFSE438	0	129	185	0.059111111	0.18081641	2
2014	SBFSE443	0	129	218	0.143	0.217453159	2
2014	SBFSE444	0	129	229	0.375888889	0.331389082	2
2014	SBFSE445	0	129	204	0.100888889	0.266418289	2
2014	SBFSE448	0	129	157	0.082222222	0.158478605	2
2014	SBFSE449	0	129	149	0.060555556	0.157811158	2
2014	SBFSE452	0	129	196	0.133	0.558281635	1
2014	SBFSE453	0	129	182	0.134555556	0.066650299	2
2014	SBFSE454	0	129	371	0.16	0.15580204	2
2014	SBFSE455	0	129	346	0.044222222	0.118916046	1
2014	SBFSE456	0	129	302	0.029777778	0.117421801	1
2014	SBFSE457	0	129	179	0.037888889	0.133478321	1
2014	SBFSE458	0	129	201	0.015888889	0.291306038	2
2014	SBFSE459	0	129	161	0.017222222	0.181132572	2
2014	SBFSE460	0	129	221	0.247888889	0.115067348	2
2014	SBFSE461	0	129	274	0.354333333	0.278954607	1
2014	SBFSE462	0	129	195	0.220333333	0.220166495	2
2014	SBFSE435	0	129	148	0.151444444	0.290888392	2
2016	BE1203	0	133	190	0.140444444	0.173663119	1
2014	SBFLE406	0	134	188	0.015777778	0.421683124	1
2014	SBFLE411	0	134	201	0.050333333	0.231405586	1
2014	SBFLE407	0	134	206	0.134	0.103032404	2
2014	SBFLE427	0	134	208	0.020444444	0.065203722	1
2014	SBFLE438	0	134	251	0.363111111	0.057044945	2
2014	SBFLE445	0	134	243	0.081777778	0.112584344	2
2014	SBFLE448	0	134	231	0.398222222	0.199714901	2
2014	SBFLE449	0	134	143	0.072666667	0.29431707	1
2014	SBFLE454	0	134	332	0.033666667	0.102476637	2
2014	SBFLE455	0	134	227	0.436	0.293192913	1
2014	SBFLE456	0	134	381	0.34	0.342181971	2
2014	SBFLE457	0	134	165	0.036333333	0.308368038	1
2014	SBFLE458	0	134	143	0.085888889	0.108104157	1
2014	SBFLE459	0	134	230	0.523555556	0.231133125	2
2014	SBFLE461	0	134	252	0.061666667	0.107625489	2
2014	DE435	0	134	157	0.015777778	0.399873251	2
2014	DE452	0	134	179	0.336555556	0.189622371	2
2014	SBFLE426	0	134	196	0.016666667	0.109322785	1
2014	SBFLE436	0	134	167	0.046777778	0.106789201	2
2014	SBFLE447	0	134	163	0.114888889	0.295666172	2
2014	SBFLE453	0	134	321	0.156111111	0.065034496	1
2014	SBFLE443	0	134	266	0.046555556	0.175641405	2
2014	BE0424	0	135	150	0.024	0.270912372	1
2014	BE0426	0	135	265	0.251	0.229742818	1
2014	BE0427	0	135	362	0.209222222	0	1
2014	BE0429	0	135	162	0.307333333	0.213834758	1
2014	BE0430	0	135	172	0.507222222	0.233516553	2
2014	BE0432	0	135	432	0.466	0.177420168	2
2014	BE0435	0	135	144	0.017222222	0.22120537	2
2014	BE0436	0	135	163	0.416333333	0.280400121	2
2014	BE0437	0	135	352	0.261888889	0.104007088	2
2014	BE0439	0	135	429	0.413333333	0.281525757	2
2015	BE0748	0	136	182	0.0635	0.298994517	1
2015	BE0753	0	136	163	0.231	0.234606538	1
2015	BE0761	0	136	178	0.1209	0.182182478	2
2015	BE0763	0	136	194	0.2062	0	1
2015	BE0765	0	136	124	0.1033	0.283653602	2
2015	BE0769	0	136	162	0.1635	0.2424301	2
2015	BE0771	0	136	142	0.2379	0.1031708	2
2015	BE0776	0	136	134	0.4418	0.33130323	1
2015	BE0778	0	136	194	0.1415	0.294239591	2
2015	BE0794	0	136	173	0.0966	0.224246625	2
2015	BE0801	0	136	379	0.1306	0.049707001	1
2015	BE0802	0	136	219	0.139	0.218817779	2
2015	BE0803	0	136	160	0.2229	0.057582499	1
2015	BE0805	0	136	234	0.2793	0.304085327	1
2015	BE0806	0	136	286	0.1984	0.187381729	1
2015	BE0807	0	136	144	0.162	0.185370789	2
2015	BE0808	0	136	144	0.1084	0.222255575	2
2015	BE0809	0	136	150	0.1338	0.306246668	1
2015	BE0810	0	136	137	0.2565	0.307896437	2
2015	BE0811	0	136	128	0.2984	0.227801028	2
2015	BE0812	0	136	150	0.2067	0.222144828	2
2015	BE0814	0	136	335	0.2383	0.246798438	2
2015	BE0815	0	136	200	0.108	0.103032404	1
2015	BE0817	0	136	129	0.181	0.124162709	1
2015	BE0818	0	136	129	0.1463	0.190559941	2
2015	BE0819	0	136	175	0.2044	0.286053375	1
2015	BE0820	0	136	131	0.1884	0.06267867	2
2015	BE0821	0	136	367	0.2684	0.182653129	2
2015	BE0822	0	136	138	0.2245	0.128824657	1
2015	BE0824	0	136	144	0.2454	0.216616871	2
2015	BE0825	0	136	264	0.2002	0.463468623	2
2015	BE0826	0	136	422	0.1055	0.16996817	2
2015	BE0827	0	136	207	0.3601	0.29963994	2
2015	BE0828	0	136	136	0.2352	0.351641641	1
2015	BE0829	0	136	191	0.2838	0.182772427	1
2015	BE0830	0	136	362	0.1171	0.288034166	1
2015	BE0832	0	136	144	0.1336	0.15541597	1
2015	BE0833	0	136	148	0.2978	0.24934601	2
2015	BE0835.1	0	136	254	0.2831	0.235277146	2
2015	BE1051	0	136	169	0.3514	0.194940831	2
2012	OZ1722	0	139	194	0.704	0.53119271	2
2012	SBFN02	0	139	308	0.6104	0.332358567	1
2012	OZ1723	1	139	191	0.633	0.299746145	2
2012	OZ1726	0	139	154	0.665	0.457401239	2
2012	OZ1727	0	139	197	0.691	0.350464967	2
2012	OZ1731	0	139	163	0.452	0.176744945	2
2012	SBFLE007	1	139	225	0.0008	0.407752733	2
2012	SBFLE012	1	139	220	0.0009	0.277715235	2
2012	SBFLE016	1	139	155	0.0002	0.111882586	2
2012	SBFN03	0	139	351	0.6025	0.331278336	2
2012	SBFN05	0	139	308	0.8655	0.342120529	1
2012	SBFN07	0	139	318	0.5681	0.177558201	1
2012	SBFN08	0	139	358	0.5521	0.329186901	1
2012	SBFN10	1	139	225	0.3615	0.115789453	1
2012	SBFSE043	0	139	238	0.44	0.131160774	1
2012	SBFLE001	1	139	149	0.004	0.179541656	2
2012	SBFSE017	0	139	316	0.0185	0.413686241	2
2012	SBFLE011	1	139	155	0.0018	0	2
2012	SBFSE039/014	2	139	200	0.3263	0.112929405	2
2012	SBFSE049	0	139	303	0.0153	0.642434434	1
2013	SBFLE216	0	140	191	0.0108	0.116142468	1
2013	SBFLE212	0	140	320	0.0657	0.223394241	2
2013	SBFLE217	0	140	192	0.0634	0.221708456	2
2013	SBFLE218	0	140	202	0.0352	0.244451457	2
2013	SBFSE241	0	140	241	0.32275	0.166615033	1
2013	SBFSE242	0	140	182	0.3145	0.222902558	1
2013	SBFSE243	0	140	218	0.242875	0.223953589	2
2013	SBFSE245	0	140	152	0.058625	0.186309451	1
2013	SBFSE246	0	140	224	0.20175	0.115302231	1
2013	SBFSE247	0	140	198	0.06225	0.155277574	1
2013	SBFSE250	0	140	214	0.088375	0.243319149	2
2013	SBFSE251	0	140	338	0.09175	0.235371423	1
2013	SBFSE252	0	140	214	0.1395	0.109322785	2
2013	SBFSE253	0	140	238	0.1725	0.195495658	1
2013	SBFSE254	0	140	244	0.401875	0.243009662	2
2013	SBFSE255	0	140	196	0.0715	0.398211587	2
2013	SBFSE257	1	140	212	0.057125	0.116978756	2
2013	SBFSE258	0	140	369	0.2945	0.20804721	2
2013	SBFSE259	0	140	316	0.261125	0.114125919	2
2013	SBFSE261	0	140	281	0.0945	0.51307801	1
2013	SBFSE262	0	140	276	0.1925	0.064673942	2
2013	SBFSE263	0	140	180	0.038	0.221663186	1
2013	SBFSE264	0	140	227	0.1265	0.383007158	1
2013	SBFSE265	0	140	115	0.42475	0.168912104	1
2013	SBFSE266	0	140	228	0.40875	0.117408332	1
2013	SBFSE267	0	140	237	0.0755	0.227000514	2
2013	SBFSE268	0	140	188	0.089375	0.106233434	2
2013	SBFSE239	0	140	235	0.04075	0.286560431	1
2012	SBFALE3	0	145	368	0.0057	0.286555085	2
2012	SBFLE009	1	145	250	0.0011	0.170657387	1
2012	SBFSE002	0	145	248	0.4773	0.159314893	1
2012	SBFSE056	0	145	278	0.3776	0.101952172	2
2012	SBFLE021	0	145	167	0.0009	0.115215313	1
2012	SBFLE022	0	145	191	0.0009	0.060646226	2
2012	SBFLE023	0	145	159	0.0008	0.278497619	2
2012	SBFLE025	1	145	165	0.0007	0.125909241	1
2012	SBFLE026	0	145	184	0.0067	0.320345499	2
2012	SBFLE029	1	145	199	0.0009	0.119084775	2
2012	SBFLE030	0	145	199	0.0009	0.302759339	1
2012	SBFSE004	1	145	314	0.6748	0.33358251	2
2012	SBFSE005	0	145	240	0.4357	0.122882893	1
2012	SBFSE007	1	145	170	0.0293	0.222754542	2
2012	SBFSE009	0	145	272	0.3836	0.176750126	2
2012	SBFSE010	0	145	278	0.3715	0	1
2012	SBFSE012	0	145	199	0.3344	0.170218529	2
2012	SBFSE028	1	145	158	0.3577	0.112595469	1
2012	SBFSE031	1	145	250	0.3005	0.214674913	2
2012	SBFSE032	0	145	270	0.2782	0.236635204	2
2012	SBFSE033	0	145	225	0.0374	0.181079204	1
2012	SBFSE034	0	145	140	0.0201	0.341948348	1
2012	SBFSE036	0	145	226	0.4152	0.191050745	1
2012	SBFSE037	0	145	138	0.0194	0.397006995	1
2012	SBFSE057	0	145	296	0.0124	0.411677123	1
2012	SBFSE058/018	0	145	152	0.3824	0	1
2012	SBFSE059	0	145	283	0.2645	0.056411001	2
2012	SBFLE020	0	145	183	0.0153	0.18013298	2
2012	SBFSE026	0	145	254	0.4745	0.282273093	2
2012	SBFSE030	0	145	137	0.0537	0.174526507	1
2016	LE1023	0	146	360	0.133	0.340682484	2
2016	LE1025	0	146	322	0.266666667	0.119975701	1
2016	LE1026	0	146	335	0.300333333	0.291412858	1
2016	BE1213	0	146	219	0.154	0.279588931	1
2016	BE1215	0	146	221	0.143111111	0.223427023	1
2016	BE1216	0	146	91	0.213555556	0.387383601	2
2016	BE1217	0	146	72	0.247222222	0.464893882	2
2016	BE1218	0	146	250	0.171	0.168236126	2
2016	BE1219	0	146	98	0.472444444	0.449030816	2
2016	BE1220	0	146	181	0.214444444	0.118529124	1
2016	BE1221	0	146	167	0.183444444	0.339509847	2
2016	BE1222	0	146	107	0.167888889	0.261199731	2
2016	BE1223	0	146	184	0.176888889	0.340225316	1
2013	DE204	0	148	102	0.000888889	0.404822913	1
2014	SBFSE415	0	148	240	0.028	0.338235229	2
2014	SBFLE424	0	148	349	0.342111111	0.30420318	2
2014	SBFLE434	0	148	173	0.021111111	0.131854021	1
2014	SBFLE428	0	148	289	0.105111111	0.168443331	1
2014	SBFLE440	0	148	148	0.098444444	0	2
2014	SBFLE446	0	148	165	0.124333333	0.177796598	1
2014	SBFLE450	0	148	169	0.035888889	0.236195714	1
2013	DE205	0	148	153	0.000888889	0.474306467	1
2013	DE206	0	148	275	0.005666667	0.114741498	2
2013	DE207	0	148	185	0.000888889	0.461304125	2
2013	DE208	0	148	300	0.000888889	0.232987503	2
2013	DE209	0	148	163	0.000888889	0.498446045	2
2013	DE210	0	148	133	0.000888889	0.34524792	2
2013	DE212	0	148	158	0.000888889	0.468861729	2
2013	DE213	0	148	125	0.001222222	0.180049274	1
2013	DE214	0	148	141	0.000888889	0.182724354	1
2013	DE215	0	148	110	0.509666667	0.052769636	2
2013	DE219	0	148	186	0.000888889	0.573784431	2
2013	DE220	0	148	243	0.433444444	0.109184389	1
2013	DE221	0	148	137	0.000888889	0.286956186	1
2013	DE222	0	148	209	0.000666667	0.286609523	2
2013	DE224	0	148	148	0.000888889	0.28721011	1
2013	DE225	0	148	130	0.003333333	0.17780594	2
2013	DE226	0	148	140	0.000888889	0.478144247	2
2013	DE227	0	148	111	0.000888889	0.278408316	1
2014	DE439	0	148	257	0.013222222	0.275177065	1
2014	DE440	0	148	207	0.127	0	2
2014	DE446	0	148	241	0.058666667	0.178174989	2
2014	SBFLE425	0	148	291	0.035	0.305488239	1
2014	SBFLE435	0	148	164	0.444444444	0.384875398	1
2014	SBFLE441	0	148	197	0.245222222	0.053325402	1
2014	SBFLE452	0	148	146	0.040222222	0.242539443	1
2014	DE434	0	148	244	0.030222222	0.228826593	1
2014	DE438	0	148	216	0.049333333	0.483839389	2
2014	DE445	0	148	239	0.012222222	0.355114336	2
2014	DE451	0	148	240	0.016111111	0.182511604	2
2014	SBFSE439	0	148	205	0.066555556	0	1
2014	SBFSE441	0	148	169	0.233444444	0.287290568	2
2014	SBFSE446	0	148	102	0.030444444	0.054300087	1
2014	SBFSE450	0	148	228	0.040555556	0.059258942	1
2014	SBFSE463	0	148	252	0.176	0.106789201	1
2014	DE463	0	149	285	0.013333333	0.305891571	2
2014	DE464	0	149	236	0.033	0.06305706	2
2014	DE465	0	149	278	0.016111111	0.464795255	1
2014	DE469	0	149	154	0.136555556	0.342797381	2
2014	DE470	0	149	340	0.142111111	0.110907902	2
2014	DE471	1	149	250	0.016777778	0.380302213	2
2014	DE475	0	149	194	0.042777778	0.290858912	1
2014	DE476	0	149	343	0.044666667	0.052245171	1
2014	DE477	0	149	285	0.147222222	0.053463798	2
2014	DE478	0	149	341	0.184666667	0.221091309	2
2014	DE479	0	149	320	0.034888889	0.625216258	2
2014	DE454	0	149	369	0.014888889	0.123623397	2
2014	DE456	1	149	367	0.012444444	0.177438003	2
2014	DE460	0	149	430	0.017222222	0.06267867	1
2014	DE462	0	149	297	0.013777778	0.111882586	2
2014	DE468	0	149	318	0.052666667	0.225831742	1
2014	DE474	0	149	185	0.013777778	0.190770227	2
2014	DE481	0	149	273	0.018888889	0.232205677	2
2014	DE458	0	149	213	0.042	0.127352612	2
2014	SBFSE466	0	150	428	0.411	0.106095038	2
2014	SBFSE467	0	150	286	0.051888889	0.053463798	2
2014	SBFSE468	0	150	277	0.056222222	0.361885045	2
2014	SBFSE469	0	150	197	0.100555556	0.269693744	2
2014	SBFSE470	0	150	317	0.109333333	0.188040758	1
2014	SBFSE471	0	150	279	0.028	0.285401402	2
2014	SBFSE472	0	150	236	0.073111111	0.462682609	1
2014	SBFSE473	0	150	267	0.012444444	0.274999712	2
2014	SBFSE474	0	150	170	0.253	0.052245171	1
2014	SBFSE475	0	150	206	0.337111111	0.175085638	1
2014	SBFSE477	0	150	199	0.072444444	0.116520858	2
2014	SBFSE480	0	150	378	0.137666667	0.165492377	2
2014	SBFSE481	0	150	304	0.056222222	0.118664541	2
2014	SBFSE482	0	150	145	0.047555556	0.111504113	2
2014	SBFSE483	0	150	301	0.053	0.17030524	1
2014	SBFSE484	0	150	241	0.257444444	0.262347297	2
2014	SBFSE485	0	150	309	0.123777778	0.406123838	2
2014	SBFSE486	0	150	194	0.133333333	0.226456875	1
2014	SBFSE487	0	150	414	0.103666667	0.258707797	2
2014	SBFSE488	0	150	177	0.256	0.106789201	1
2014	SBFSE489	0	150	155	0.275666667	0.161211114	1
2014	SBFSE492	0	150	379	0.159555556	0.240003249	2
2014	SBFSE493	1	150	240	0.040222222	0.17993993	1
2014	SBFSE494	0	150	432	0.088555556	0.223014151	2
2014	SBFSE495	0	150	151	0.031111111	0.118359899	1
2014	SBFSE496	0	150	333	0.073555556	0.297552101	2
2014	SBFSE465	0	150	244	0.204222222	0.106095038	2
2014	SBFSE479	0	150	269	0.391555556	0.215766268	1
2014	SBFSE491	1	150	276	0.052444444	0.249822536	1
2016	BE1224	0	153	128	0.356666667	0.334893941	1
2016	BE1225	0	153	205	0.143	0.055858986	1
2016	BE1226	0	153	83	0.152777778	0.304291848	1
2016	BE1227	0	153	238	0.284222222	0.346607492	2
2016	BE1228	0	153	120	0.241666667	0.223988835	2
2016	BE1229	0	153	309	0.166444444	0.223552463	2
2016	BE1230	0	153	330	0.221333333	0.194301387	1
2016	BE1231	0	153	107	0.225888889	0.413182699	2
2016	BE1233	0	153	121	0.260777778	0.457305714	2
2016	BE1234	0	153	141	0.276888889	0.273389328	1
2016	DE702	0	154	385	0.292111111	0.419728921	2
2016	DE703	0	154	387	0.405	0.290038787	2
2016	DE704	0	154	347	0.284111111	0.234053204	2
2016	DE701	0	154	174	0.347333333	0.30412935	1
2012	SBFSE025	1	156	130	0.0795	0.269243525	1
2014	SBFLE462	0	155	358	0.495222222	0.337333862	1
2012	SBFLE018	1	156	187	0.001	0.172001454	2
2012	SBFSE045	1	156	204	0.1012	0.137129487	1
2012	SBFLE032	1	156	135	0.0009	0.410799203	2
2012	SBFSE029	2	156	130	0.7978	0.330741686	1
2012	SBFSE038	0	156	140	0.3584	0.113643408	2
2012	SBFSE060	0	156	154	0.0329	0.182045164	2
2014	SBFLE471	0	155	446	0.174444444	0.049707001	2
2012	SBFLE033	0	156	125	0.0018	0.25019446	2
2012	SBFLE034	0	156	150	0.0007	0.297245112	1
2012	SBFLE035	1	156	134	0.0018	0.124462664	1
2012	SBFLE036	0	156	265	0.0048	0.113441486	2
2012	SBFLE037	2	156	230	0.0031	0.306455045	1
2012	SBFLE038	0	156	153	0.0017	0.189136606	2
2012	SBFLE039	1	156	190	0.0082	0.054300087	1
2012	SBFLE040	1	156	190	0.0075	0.292330639	2
2012	SBFSE046	0	156	317	0.5128	0.235132474	2
2012	SBFSE047	1	156	235	0.0144	0.389641927	2
2012	SBFSE048	1	156	222	0.0195	0.239974142	1
2012	SBFSE061	0	156	134	0.6113	0.560216242	2
2014	SBFLE463	0	155	164	0.048	0.188499141	1
2014	SBFLE464	2	155	416	0.473444444	0.191679854	2
2014	SBFLE465	0	155	413	0.017555556	0.296053346	2
2014	SBFLE466	0	155	200	0.153444444	0.250135827	2
2014	SBFLE467	0	155	181	0.090777778	0.182654371	2
2014	SBFLE468	0	155	339	0.1	0.293626358	2
2014	SBFLE469	0	155	458	0.573222222	0.155940436	2
2014	SBFLE472	0	155	330	0.064888889	0.22337012	1
2014	SBFLE473	0	155	262	0.111666667	0.172104219	2
2014	SBFLE474	0	155	175	0.305	0.170382911	1
2014	SBFLE475	0	155	249	0.312666667	0.187247348	1
2014	SBFLE476	0	155	367	0.016444444	0.180721755	1
2014	SBFLE477	0	155	248	0.393666667	0.182082274	2
2014	SBFLE478	0	155	255	0.047444444	0.399186271	2
2014	SBFLE479	0	155	368	0.141888889	0.105565988	1
2014	SBFLE480	0	155	466	0.061777778	0.120639559	1
2014	SBFLE481	0	155	405	0.132555556	0.322860351	2
2014	SBFLE482	0	155	386	0.055555556	0.178505366	1
2014	SBFLE483	0	155	282	0.381	0.162291346	1
2014	SBFLE484	0	155	187	0.043444444	0.17060507	2
2014	SBFLE485	0	155	192	0.117666667	0.118916046	1
2015	BE0773	0	155	103	0.0999	0.163832921	2
2015	BE0804	0	155	93	0.2086	0.185843282	1
2015	BE0823	0	155	111	0.2084	0.122786221	1
2015	BE0831	0	155	93	0.2039	0.16622786	1
2015	BE0834	0	155	116	0.1709	0.167064148	2
2015	BE0835.2	0	155	120	0.0681	0.212355188	2
2015	BE0841	0	155	71	0.1124	0.295766626	1
2015	BE0849	0	155	154	0.3997	0.180384028	2
2015	BE0851	0	155	193	0.257	0.286247164	2
2015	BE0853	0	155	168	0.1417	0.061384794	1
2015	BE0855	0	155	159	0.4381	0.289406238	2
2015	BE0856	0	155	182	0.1369	0.223394241	2
2015	BE0857	0	155	169	0.2415	0.112239009	2
2015	BE0858	0	155	174	0.2331	0.06957077	2
2015	BE0859	0	155	160	0.2515	0.2170701	1
2015	BE0860	0	155	270	0.1597	0.210796288	1
2015	BE0862	0	155	127	0.417	0.365995833	1
2014	DE483	0	156	184	0.017222222	0.349466263	2
2014	DE484	0	156	257	0.014777778	0.381443413	1
2014	DE485	0	156	160	0.015444444	0.298590079	2
2014	DE486	1	156	280	0.042333333	0	2
2014	DE487	0	156	405	0.143777778	0.113441486	1
2014	DE488	0	156	426	0.027333333	0.469898914	1
2014	DE489	0	156	134	0.072333333	0.130238219	2
2014	DE490	0	156	245	0.434333333	0.109063519	1
2014	DE491	0	156	212	0.019111111	0.42827446	1
2014	DE492	0	156	278	0.318333333	0.117804133	2
2014	DE493	0	156	192	0.083555556	0.15733249	1
2014	DE494	0	156	441	0.205	0.168923064	2
2014	DE495	0	156	303	0.014222222	0.286289888	1
2014	DE496	0	156	371	0.019666667	0.064673942	2
2014	DE497	0	156	389	0.413777778	0.301922938	2
2014	DE498	0	156	359	0.026	0.052476149	2
2014	DE499	0	156	367	0.016	0.112385671	2
2014	DE500	0	156	222	0.016222222	0.409158006	2
2014	DE501	0	156	413	0.408	0.214199195	2
2014	DE502	0	156	176	0.303777778	0.06305706	1
2014	DE503	0	156	173	0.030111111	0.347444989	1
2014	DE504	0	156	307	0.031888889	0.357225966	2
2014	DE505	0	156	435	0.025888889	0.298649474	1
2014	DE506	0	156	355	0.025444444	0.23938119	2
2014	DE507	0	156	384	0.022666667	0.192077621	2
2016	LE1030	0	160	390	0.142	0.2741523	1
2016	LE1031	0	160	366	0.227666667	0.121062708	1
2016	LE1032	0	160	279	0.146777778	0.364603395	2
2016	LE1033	0	160	255	0.188333333	0.276981707	1
2016	LE1034	0	160	120	0.350444444	0.593368027	1
2016	LE1036	0	160	368	0.359888889	0.170907376	1
2014	SBFLE488	0	162	158	0.048555556	0.213329872	2
2014	SBFLE490	0	162	389	0.365777778	0.112071003	1
2014	SBFLE491	0	162	222	0.071555556	0.165346384	2
2014	SBFLE492	0	162	354	0.063	0.182560869	2
2014	SBFLE493	0	162	420	0.290888889	0.22742876	1
2014	SBFLE494	0	162	453	0.336333333	0.22434939	2
2014	SBFLE495	0	162	339	0.056555556	0.221393788	1
2014	SBFLE496	0	162	346	0.548333333	0.409714657	1
2014	SBFLE497	0	162	484	0.064333333	0.105708969	2
2014	SBFLE498	0	162	260	0.024111111	0.225074382	2
2014	SBFLE499	0	162	371	0.061333333	0.388199635	2
2014	SBFLE500	0	162	235	0.030555556	0.262888943	1
2014	SBFLE501	0	162	421	0.019888889	0.1212452	1
2014	SBFLE502	0	162	398	0.159777778	0.167063906	2
2014	SBFLE503	0	162	263	0.035111111	0.108104157	2
2014	SBFLE504	0	162	435	0.163555556	0.303510408	1
2014	SBFLE505	0	162	426	0.149333333	0.177917511	2
2014	SBFLE506	0	162	163	0.076666667	0.228995297	2
2014	SBFLE507	0	162	446	0.160666667	0.164829515	2
2014	SBFLE508	0	162	434	0.341222222	0.237738972	1
2014	SBFLE509	0	162	400	0.039222222	0.052769636	1
2014	SBFLE510	0	162	263	0.159	0.055858986	1
2014	SBFLE511	0	162	536	0.054222222	0.166626114	2
2014	SBFLE512	0	162	461	0.490555556	0.288321023	2
2014	SBFLE513	0	162	413	0.028444444	0.346911789	2
2014	SBFLE514	0	162	317	0.088333333	0.179496298	2
2014	SBFLE515	0	162	198	0.432555556	0.228079858	2
2014	SBFLE516	0	162	461	0.057888889	0.052769636	2
2014	SBFLE517	0	162	238	0.122888889	0.161954025	1
2014	SBFLE518	0	162	194	0.120555556	0.101952172	1
2014	SBFLE519	0	162	463	0.059666667	0.352051701	2
2014	SBFLE520	0	162	387	0.245222222	0.228197375	1
2015	BE0847	0	162	146	0.2557	0.288767478	2
2015	BE0863	0	162	232	0.098	0.179119627	2
2015	BE0864	0	162	416	0.3493	0.35360829	2
2015	BE0865	0	162	421	0.1278	0.171868727	2
2015	BE0868	0	162	490	0.1466	0	1
2015	BE0869	0	162	445	0.1174	0.348453985	2
2015	BE0870	0	162	450	0.3934	0.23353473	2
2015	BE0871	0	162	223	0.2418	0.052514633	2
2015	BE0872	0	162	195	0.2802	0.298561127	1
2015	BE0873	0	162	435	0.1488	0.307017192	1
2015	BE0875	0	162	331	0.216	0.118576726	1
2015	BE0876	0	162	179	0.2213	0.281207392	1
2015	BE0877	0	162	426	0.2798	0.115117928	1
2015	BE0879	0	162	172	0.1872	0.223394241	2
2015	BE0881	0	162	253	0.3671	0	1
2015	BE0882	0	162	457	0.2681	0.113151235	1
2015	BE0883	0	162	481	0.1346	0.16539182	2
2015	BE0884	0	162	400	0.0985	0	2
2015	BE0885	0	162	132	0.2705	0	1
2015	BE0886	0	162	436	0.2683	0.103032404	1
2015	BE0887	0	162	314	0.0713	0.175410752	2
2015	BE0890	0	162	280	0.1268	0.068886665	2
2015	BE0892	0	162	369	0.324	0	2
2015	BE0894	0	162	135	0.3941	0.276864748	1
2015	BE0898	0	162	169	0.3435	0.122028145	1
2014	SBFLE487	0	162	558	0.260888889	0.231969164	2
2015	BE0896	0	162	260	0.3689	0.168306714	1
2013	SBFSE237	0	163	321	0.062625	0.240283116	2
2013	SBFLE213	0	163	384	0.0236	0.179061132	1
2013	SBFLE222	0	163	140	0.0265	0.158478605	2
2013	SBFSE269	0	163	367	0.170125	0.348886256	2
2013	DE229	0	163	108	0.000888889	0.473361881	1
2013	DE230	1	163	133	0.146888889	0.101952172	1
2013	DE231	0	163	102	0.000888889	0.408910533	2
2013	DE232	0	163	111	0.000888889	0.374393464	1
2013	DE233	0	163	149	0.000888889	0.222187651	1
2013	DE234	0	163	317	0.000888889	0.420058662	2
2013	DE235	0	163	192	0.005666667	0.105565988	1
2013	DE236	0	163	179	0.091111111	0.104007088	1
2013	DE237	0	163	153	0.001888889	0.284466405	1
2013	DE238	0	163	166	0.291222222	0.115117928	1
2013	DE239	0	163	295	0.002111111	0.17288473	2
2013	DE240	0	163	195	0.000888889	0.237035951	2
2013	DE242	0	163	103	0.000888889	0.535726746	1
2013	SBFLE224	0	163	320	0.0317	0.055858986	2
2013	SBFLE226	0	163	107	0.0168	0.06305706	2
2013	SBFSE270	0	163	169	0.12025	0.105570573	2
2013	SBFSE271	0	163	341	0.092625	0.068387383	1
2013	SBFSE272	0	163	193	0.074	0.162996632	1
2013	SBFSE273	0	163	129	0.048	0.107763885	1
2013	SBFSE275	0	163	158	0.034	0.249214128	1
2013	SBFSE276	0	163	216	0.181	0.056533576	1
2013	SBFSE277	0	163	150	0.024875	0.304069789	2
2013	SBFSE278	0	163	133	0.211375	0.167022827	2
2013	SBFSE280	0	163	397	0.149625	0.106545257	2
2013	SBFSE281	1	163	191	0.0445	0.226464056	1
2013	SBFSE284	0	163	375	0.087625	0.165353981	2
2013	SBFSE286	0	163	173	0.05075	0.342308903	2
2013	SBFSE287	1	163	204	0.03	0.186986215	1
2013	SBFSE290	0	163	383	0.224875	0.4667588	1
2013	SBFSE291	1	163	220	0.37725	0.270066355	2
2013	SBFSE292	0	163	226	0.148625	0.161778005	2
2013	SBFSE293	0	163	234	0.369875	0.173030805	2
2013	SBFSE294	0	163	159	0.03775	0.389277237	1
2013	SBFSE295	0	163	271	0.141125	0.332743243	1
2013	SBFSE296	0	163	155	0.09425	0.241386855	2
2013	SBFSE297	0	163	241	0.344375	0.243260371	2
2014	BE0425	0	163	277	0.377111111	0.173267318	2
2014	BE0428	0	163	324	0.082111111	0.215103407	2
2014	BE0433	0	163	288	0.552333333	0.179643409	1
2014	BE0434	0	163	310	0.164777778	0.11272274	1
2014	BE0438	0	163	295	0.240555556	0.288126127	2
2014	BE0440	0	163	303	0.188888889	0.172700428	1
2014	BE0441	0	163	472	0.310666667	0.106789201	1
2014	BE0442	1	163	161	0.380444444	0.412933097	1
2014	BE0443	1	163	394	0.321777778	0.1031708	1
2014	BE0444	0	163	309	0.112222222	0.292687253	2
2014	BE0445	0	163	519	0.303111111	0.157470886	1
2014	BE0446	0	163	445	0.251111111	0.27213014	1
2014	BE0447	0	163	333	0.131666667	0.101952172	2
2014	BE0448	0	163	172	0.421	0.248178869	1
2014	BE0449	0	163	415	0.470222222	0.22091512	1
2014	BE0450	0	163	163	0.136	0.226245611	2
2014	BE0451	0	163	475	0.174111111	0.122504503	2
2014	BE0452	0	163	420	0.339555556	0.22651159	2
2014	BE0453	0	163	350	0.048555556	0.105565988	1
2014	BE0454	0	163	324	0.079222222	0.102476637	2
2013	SBFSE283	0	163	220	0.078	0.291296946	2
2015	BE0897	0	168	125	0.2543	0.199638039	1
2015	BE0899	0	168	276	0.2378	0.059755251	2
2015	BE0874	0	168	131	0.2932	0.238651753	1
2015	BE0900	0	168	261	0.2878	0.109063519	2
2015	BE0902	0	168	146	0.1857	0.054300087	1
2015	BE0903	0	168	196	0.3199	0	1
2015	BE0904	0	168	130	0.2182	0.22247402	2
2015	BE0905	0	168	150	0.2193	0.175128064	1
2015	BE0906	0	168	294	0.3289	0.23893766	1
2015	BE0907	0	168	470	0.138	0.397604015	1
2015	BE0908	0	168	488	0.4963	0.172689561	2
2015	BE0909	0	168	439	0.269	0.174561256	2
2015	BE0910	0	168	359	0.1343	0.113349601	1
2015	BE0911	0	168	449	0.2865	0.108965944	2
2015	BE0912	0	168	167	0.1879	0.316422172	1
2015	BE0913	0	168	232	0.1052	0.250434268	2
2015	BE0914	0	168	277	0.1529	0.114071456	1
2015	BE0915	0	168	521	0.6287	0.453230627	2
2015	BE0916	0	168	139	0.2773	0.321336841	2
2015	BE0917	0	168	511	0.2026	0.221455981	1
2015	BE0918	0	168	291	0.1124	0.261135255	2
2015	BE0920	0	168	148	0.2966	0.11683503	1
2014	SBFLE442	0	170	186	0.156555556	0.124293439	1
2014	DE455	0	170	256	0.076777778	0.180482802	2
2014	DE459	0	170	234	0.012888889	0.249253556	2
2014	DE461	0	170	280	0.013666667	0.345434617	1
2014	DE467	1	170	247	0.012555556	0.375587197	2
2014	DE472	0	170	233	0.012777778	0.120893483	2
2014	DE480	0	170	194	0.018777778	0.228213472	1
2014	DE482	0	170	194	0.011777778	0.451445196	2
2014	SBFSE478	0	170	280	0.097888889	0	1
2014	SBFSE490	0	170	257	0.094222222	0.27106295	2
2014	SBFLE521	0	170	479	0.059777778	0.05244711	2
2014	SBFLE522	1	170	383	0.076222222	0.112089573	2
2014	SBFLE523	1	170	369	0.026	0.06879809	2
2014	SBFLE524	0	170	363	0.039444444	0.22350337	2
2014	SBFLE525	0	170	221	0.323	0.065245513	2
2014	SBFLE526	0	170	186	0.143111111	0.105014807	1
2014	SBFLE527	0	170	414	0.202	0.055858986	2
2014	SBFLE528	0	170	347	0.074444444	0.357569772	2
2014	SBFLE529	0	170	408	0.154888889	0.055678573	1
2014	SBFLE530	1	170	391	0.106666667	0.262465012	2
2014	SBFLE531	1	170	418	0.158222222	0.056440196	1
2014	SBFLE532	0	170	245	0.155333333	0.116231613	2
2014	SBFLE533	0	170	508	0.022777778	0.299572142	2
2014	SBFLE534	0	170	591	0.322333333	0.176364788	2
2014	SBFLE535	0	170	348	0.070222222	0.058938224	1
2014	SBFLE536	0	170	445	0.100444444	0.231762541	2
2014	SBFLE537	0	170	171	0.105111111	0.194647968	1
2014	SBFLE538	0	170	424	0.272111111	0.127617799	2
2014	SBFLE539	0	170	330	0.049888889	0.122798069	1
2014	SBFLE540	0	170	391	0.063444444	0.1840288	1
2014	SBFLE541	0	170	473	0.175666667	0.174461136	2
2014	SBFLE542	0	170	257	0.217	0.413024652	1
2014	SBFLE543	0	170	352	0.06	0.283323224	2
2014	SBFLE544	0	170	455	0.148666667	0.128366086	1
2014	SBFLE545	0	170	358	0.089555556	0.052769636	1
2014	SBFLE546	0	170	479	0.049888889	0.177317277	2
2014	SBFLE547	0	170	281	0.031111111	0.31521547	1
2014	SBFLE548	0	170	212	0.219333333	0.180193288	1
2014	SBFLE549	0	170	323	0.128111111	0.053174154	1
2014	SBFLE550	0	170	381	0.056444444	0.124293439	2
2014	SBFLE551	0	170	413	0.031888889	0.197403735	2
2016	BE1236	0	174	188	0.169888889	0.363132702	2
2016	BE1237	0	174	235	0.209666667	0.377838497	1
2016	BE1238	0	174	110	0.301888889	0.314225844	2
2016	BE1239	0	174	169	0.170777778	0.253161747	2
2016	BE1240	0	174	136	0.143444444	0.280608195	1
2016	BE1241	0	174	333	0.307	0.207023466	2
2016	BE1242	0	174	106	0.198777778	0.175528551	2
2016	BE1243	0	174	100	0.271111111	0.420263835	1
2016	BE1244	0	174	100	0.249111111	0.293150342	2
2016	BE1245	0	174	361	0.254444444	0.358591396	1
2016	BE1246	0	174	318	0.325444444	0.357851593	1
2016	BE1247	0	174	347	0.170777778	0.122255801	2
2016	BE1248	0	174	290	0.146222222	0.260815743	2
2012	SBFLE010	1	174	268	0.0038	0.338339461	2
2012	SBFLE042	1	174	270	0.0009	0.176120155	1
2012	SBFLE043	1	174	180	0.0018	0.235605633	2
2012	SBFLE044	0	174	169	0.0028	0.240605132	1
2012	SBFLE045	1	174	194	0.0018	0.107625489	2
2012	SBFLE046	1	174	275	0.0016	0.159029786	2
2012	SBFLE041	1	174	284	0.0008	0.59178065	1
2012	SBFLE049	1	174	240	0.0009	0.612332667	2
2014	DE457	0	175	282	0.034111111	0.344722626	2
2014	DE443	0	175	389	0.014111111	0.467591673	2
2014	SBFLE470	0	175	193	0.032	0.184099192	1
2014	SBFLE579	0	176	292	0.069666667	0.060542357	2
2014	SBFLE552	0	176	462	0.058111111	0.113559029	2
2014	SBFLE553	0	176	486	0.370777778	0.116609626	1
2014	SBFLE554	0	176	387	0.063333333	0.229498872	2
2014	SBFLE555	0	176	555	0.073666667	0.167056458	1
2014	SBFLE556	0	176	348	0.056	0.426126518	1
2014	SBFLE557	0	176	391	0.242333333	0	2
2014	SBFLE558	0	176	438	0.147888889	0	1
2014	SBFLE559	1	176	448	0.241888889	0.173663119	1
2014	SBFLE560	0	176	422	0.258777778	0.06305706	2
2014	SBFLE561	0	176	483	0.237666667	0.229189385	1
2014	SBFLE563	0	176	470	0.270888889	0.171579754	1
2014	SBFLE564	0	176	496	0.061444444	0.115203199	2
2014	SBFLE565	0	176	495	0.020888889	0.06879809	2
2014	SBFLE566	0	176	462	0.086111111	0.256965045	1
2014	SBFLE567	1	176	437	0.046222222	0.255998579	1
2014	SBFLE568	0	176	310	0.037777778	0.253570533	2
2014	SBFLE569	0	176	329	0.390888889	0.121948166	1
2014	SBFLE570	0	176	392	0.179333333	0.124323559	1
2014	SBFLE571	1	176	396	0.025555556	0.193553601	1
2014	SBFLE572	0	176	529	0.226888889	0.121812416	2
2014	SBFLE573	0	176	329	0.051888889	0.187599738	1
2014	SBFLE574	0	176	389	0.066555556	0.25323623	2
2014	SBFLE575	0	176	306	0.075555556	0.129933169	1
2014	SBFLE576	0	176	297	0.267111111	0.249262353	2
2014	SBFLE577	0	176	317	0.044	0.184500323	1
2014	SBFSE497	0	177	285	0.090888889	0.331179033	1
2014	SBFSE498	0	177	342	0.113888889	0.285106529	1
2014	SBFSE499	0	177	169	0.024888889	0.216602557	2
2014	SBFSE500	0	177	261	0.018888889	0.225082913	2
2014	SBFSE501	0	177	262	0.129555556	0.119084775	1
2014	SBFSE502	0	177	559	0.136777778	0.228941645	2
2014	SBFSE503	0	177	193	0.095222222	0.457637739	2
2014	SBFSE504	0	177	250	0.018	0.227514401	2
2014	SBFSE505	0	177	303	0.144777778	0.053463798	1
2014	SBFSE506	0	177	196	0.019888889	0.282104597	1
2014	SBFSE507	0	177	424	0.032555556	0.227330892	2
2014	SBFSE508	0	177	307	0.026777778	0.219792463	1
2014	SBFSE509	0	177	401	0.302444444	0.163815934	1
2014	SBFSE510	0	177	509	0.058222222	0.056450413	2
2014	SBFSE511	0	177	243	0.125222222	0.159029786	2
2014	SBFSE512	0	177	416	0.208777778	0.104007088	1
2014	SBFSE513	0	177	458	0.213555556	0.278726657	1
2014	SBFSE514	0	177	448	0.140444444	0.17903597	1
2014	SBFSE515	0	177	318	0.157888889	0.216602557	1
2014	SBFSE516	0	177	308	0.056444444	0.164273749	1
2014	SBFSE517	0	177	417	0.019222222	0.218860204	2
2014	SBFSE518	0	177	478	0.337666667	0.053463798	1
2014	SBFSE519	0	177	416	0.172888889	0.169611078	1
2014	SBFSE520	0	177	378	0.088222222	0.193912621	1
2014	SBFSE521	0	177	336	0.179	0.233235028	2
2014	SBFSE522	0	177	266	0.291111111	0.211799422	2
2014	SBFSE523	1	177	331	0.038555556	0.23279344	2
2014	SBFSE524	0	177	295	0.423111111	0.221212967	2
2014	SBFSE525	0	177	403	0.248222222	0.270361191	1
2014	SBFSE526	0	177	407	0.083	0.161429559	2
2014	SBFSE527	0	177	432	0.096222222	0.155940436	1
2014	SBFSE528	0	177	374	0.026	0.124232798	1
2014	SBFSE529	0	177	421	0.503444444	0.289568651	2
2014	SBFSE530	0	177	290	0.032111111	0.396697507	2
2014	SBFSE531	0	177	429	0.095888889	0.19580078	2
2014	SBFSE532	0	177	492	0.303888889	0.276473364	2
2014	SBFSE533	0	177	245	0.321666667	0.234364352	2
2014	SBFSE534	0	177	180	0.080333333	0.225763229	1
2014	SBFSE535	0	177	254	0.071111111	0.105570573	1
2014	SBFSE536	0	177	456	0.052666667	0.502103396	2
2014	SBFSE537	0	177	418	0.027333333	0.175263014	1
2014	SBFSE538	0	177	447	0.028555556	0.168244657	1
2016	LE1037	0	180	140	0.112666667	0.06267867	1
2016	LE1038	0	180	153	0.136888889	0.405655019	2
2016	LE1039	0	180	117	0.263888889	0.3487464	1
2016	LE1040	0	180	403	0.230333333	0.288563726	1
2016	LE1041	0	180	324	0.267666667	0.346905874	2
2016	LE1042	0	180	349	0.389	0.295669955	2
2016	LE1043	0	180	338	0.136555556	0.535287658	2
2016	LE1044	0	180	128	0.130777778	0.335805877	2
2016	LE1045	0	180	274	0.124111111	0.45505627	1
2013	DE243	0	179	151	0.000888889	0.161589587	1
2013	SBFLE228	0	179	228	0.0395	0.220579132	2
2013	DE244	1	179	160	0.001555556	0.22120537	1
2013	DE247	0	179	157	0.000888889	0.162404243	2
2013	DE248	0	179	253	0.000666667	0.597352811	1
2013	DE264	0	179	181	0.000777778	0.533117095	2
2013	DE265	0	179	404	0.002555556	0.515672152	2
2013	DE269	0	179	169	0.000888889	0.349087762	2
2013	DE270	0	179	407	0.000888889	0.232096685	1
2013	DE273	0	179	398	0.001555556	0.117999344	2
2013	DE274	0	179	358	0.000888889	0.406890946	1
2013	DE275	0	179	456	0.000888889	0.221170144	2
2013	SBFLE233	0	179	308	0.0175	0.108104157	2
2013	SBFLE234	1	179	204	0.0205	0.171463143	2
2013	SBFLE236	0	179	435	0.4806	0.234615909	1
2013	SBFLE244	0	179	449	0.7589	0.468135649	1
2013	SBFSE303	0	179	149	0.053625	0.167589718	1
2013	SBFSE307	0	179	354	0.18525	0.232882421	1
2013	SBFSE313	0	179	270	0.104875	0.375927178	2
2013	SBFSE314	0	179	266	0.05875	0.280257107	1
2013	SBFSE315	1	179	269	0.044875	0.180652028	2
2013	SBFSE316	0	179	112	0.06175	0.329019277	1
2013	SBFSE317	0	179	146	0.056875	0.105570573	1
2013	DE246	0	179	396	0.342777778	0.162928709	1
2013	DE250	0	179	192	0.000888889	0.579593334	1
2013	DE252	0	179	221	0.000888889	0.48337845	1
2013	DE256	0	179	372	0.001222222	0.185257937	1
2013	DE258	0	179	235	0.000888889	0.473384065	2
2013	DE260	0	179	146	0.000888889	0.176556528	1
2013	DE262	0	179	203	0.000888889	0.700232428	2
2013	DE267	0	179	226	0.000888889	0.42281661	2
2013	SBFLE231	0	179	539	0.363	0.109184389	2
2013	SBFLE242	0	179	413	0.0839	0.283751719	2
2013	SBFSE300	0	179	154	0.031875	0.305850748	2
2013	SBFSE306	0	179	332	0.108	0.06305706	2
2013	SBFSE311	0	179	283	0.0575	0	1
2013	SBFSE282	0	180	430	0.248	0.110907902	1
2013	SBFSE299	0	180	139	0.05375	0.114380943	1
2013	DE245	0	180	428	0.000888889	0.22120537	1
2013	DE249	0	180	246	0.000888889	0.410925198	2
2013	DE251	0	180	402	0.000666667	0.475834307	1
2013	DE253	0	180	362	0.000888889	0.420058662	1
2013	DE257	0	180	371	0.000888889	0.58151372	1
2013	DE259	0	180	96	0.001	0.639230201	1
2013	DE261	0	180	215	0.000888889	0.271242667	1
2013	DE266	0	180	359	0.000888889	0.472997995	2
2013	DE277	0	180	430	0.001111111	0.278409397	2
2013	SBFLE230	0	180	344	0.0215	0.122504503	2
2013	SBFLE237	0	180	346	0.0491	0.114910723	2
2013	SBFLE245	0	180	220	0.5019	0.163484475	1
2013	SBFSE304	0	180	422	0.058375	0.102476637	2
2013	SBFSE308	0	180	148	0.026625	0.173586571	1
2013	DE254	0	180	153	0.001555556	0.162404243	2
2013	DE255	0	180	182	0.000888889	0.425288812	1
2013	SBFLE238	0	180	246	0.0242	0.192527159	1
2013	SBFLE239	1	180	420	0.0395	0.112584344	2
2013	SBFLE240	0	180	360	0.0523	0	2
2013	SBFSE309	1	180	240	0.045	0.290241959	2
2013	SBFSE310	0	180	129	0.052625	0.227495068	1
2016	LE1046	1	182	168	0.187444444	0.160533521	1
2016	LE1047	0	182	169	0.261777778	0.174523528	2
2016	LE1049	0	182	158	0.380333333	0.288044062	2
2016	LE1050	0	182	178	0.108444444	0.268637678	2
2014	DE509	0	181	447	0.023222222	0.282518341	2
2014	DE510	0	181	349	0.154555556	0.265436647	2
2014	DE511	0	181	345	0.016222222	0.237622431	2
2014	DE512	0	181	428	0.142	0.16484064	1
2014	DE513	0	181	278	0.014777778	0.055858986	1
2014	DE514	1	181	552	0.471555556	0.115826696	2
2014	DE515	0	181	410	0.106	0.119419935	2
2014	DE516	0	181	400	0.026888889	0.660318186	2
2014	DE517	0	181	393	0.014222222	0.123932884	2
2014	DE518	0	181	531	0.297444444	0.163622871	1
2014	DE519	0	181	454	0.225222222	0.159034371	2
2014	DE520	0	181	340	0.148333333	0.112385671	1
2014	DE521	1	181	508	0.198333333	0.106233434	2
2014	DE522	0	181	318	0.331111111	0.237429754	2
2014	DE523	0	181	444	0.013111111	0.236471653	1
2014	DE524	0	181	438	0.298555556	0.053463798	1
2014	DE525	0	181	289	0.018222222	0.277925256	1
2014	DE508	0	181	484	0.060666667	0.286409092	2
2014	SBFLE580	0	182	456	0.214	0.160059137	2
2014	SBFLE581	0	182	484	0.079777778	0.166884431	2
2014	SBFLE582	0	182	465	0.227222222	0.328782764	2
2014	SBFLE583	0	182	420	0.054222222	0.371881462	2
2014	SBFLE584	0	182	463	0.195111111	0.293052652	2
2014	SBFLE585	0	182	378	0.026111111	0.057582499	1
2014	SBFLE586	0	182	467	0.394888889	0.110907902	2
2014	SBFLE587	0	182	408	0.068888889	0.16637109	1
2014	SBFLE588	0	182	389	0.022333333	0.170126783	1
2014	SBFLE589	0	182	478	0.169	0.117443578	2
2014	SBFLE590	0	182	468	0.124777778	0.174833015	2
2014	SBFLE591	0	182	371	0.190777778	0	1
2014	SBFLE592	0	182	428	0.023	0.311444115	1
2014	SBFLE593	1	182	486	0.280555556	0.228041993	1
2014	SBFLE594	0	182	444	0.418888889	0.300875469	2
2014	SBFLE595	0	182	476	0.127555556	0.244156325	2
2014	SBFLE596	0	182	490	0.175444444	0.279538334	1
2014	SBFLE598	0	182	297	0.496111111	0.102476637	1
2014	SBFLE599	0	182	525	0.495	0.233760554	2
2014	SBFLE600	0	182	203	0.115666667	0.109532834	2
2014	SBFLE601	0	182	593	0.019888889	0.337667258	2
2014	SBFLE602	0	182	405	0.269888889	0.107289501	1
2014	SBFLE603	0	182	497	0.050888889	0.165711073	2
2014	SBFLE604	0	182	409	0.145333333	0.180191151	2
2014	SBFLE605	0	182	293	0.046	0.290460658	1
2014	SBFLE606	1	182	481	0.12	0.177788067	2
2014	SBFLE607	0	182	439	0.241	0.342203887	1
2014	SBFLE608	0	182	517	0.491777778	0.184623657	1
2014	SBFLE609	0	182	518	0.187555556	0.258807721	2
2014	SBFLE610	0	182	385	0.033111111	0.131854021	1
2014	DE417	0	183	535	0.613	0.40257311	1
2014	SBFSE539	0	183	475	0.266555556	0.168454455	2
2012	SBFSE064	1	183	510	0.6023	0.280844712	2
2012	SBFSE066/054	0	183	302	0.2504	0.130238219	1
2012	SBFSE067	0	183	179	0.0393	0.182131188	2
2012	SBFSE068	1	183	172	0.2239	0.177128516	1
2012	SBFSE069	1	183	147	0.3236	0.289310053	1
2012	SBFSE070	1	183	146	0.0541	0.180483751	2
2012	SBFSE071	1	183	255	0.344	0	1
2012	SBFSE072	0	183	213	0.7042	0.286370887	1
2014	SBFSE540	1	183	454	0.044444444	0.111882586	1
2014	SBFSE541	0	183	462	0.033333333	0.164652222	1
2014	SBFSE542	0	183	332	0.033222222	0.174788753	1
2014	SBFSE543	0	183	453	0.032111111	0.049707001	1
2014	SBFSE544	0	183	382	0.022	0.231021999	1
2014	SBFSE545	0	183	409	0.022	0.285232673	1
2014	SBFSE546	0	183	503	0.037222222	0.22120537	1
2014	SBFSE547	0	183	440	0.075666667	0.052245171	1
2014	SBFSE548	0	183	481	0.092777778	0.23702497	2
2014	SBFSE549	0	183	348	0.032666667	0.170049303	1
2014	SBFSE550	0	183	304	0.228111111	0.273415315	1
2014	SBFSE551	0	183	345	0.051	0.113559029	2
2014	SBFSE552	0	183	545	0.226666667	0.273389328	2
2014	SBFSE553	0	183	366	0.027	0.22684866	2
2014	SBFSE554	0	183	462	0.031555556	0.101952172	1
2014	SBFSE555	0	183	244	0.018777778	0.488297057	1
2014	SBFSE556	0	183	380	0.097333333	0.217591555	1
2014	SBFSE558	0	183	367	0.046111111	0.23193978	2
2014	SBFSE559	0	183	486	0.071333333	0.177558201	1
2012	SBFSE063	0	184	149	0.0285	0.166766888	1
2014	DE527	0	184	378	0.294777778	0.299316549	2
2014	DE528	0	184	368	0.233444444	0.190835433	1
2014	DE529	0	184	406	0.176	0.379938012	1
2014	DE530	0	184	461	0.052333333	0.129433696	2
2014	DE532	0	184	401	0.020222222	0.32173732	2
2014	DE533	0	184	427	0.076555556	0.180209328	1
2014	DE534	0	184	445	0.127555556	0.24441137	2
2014	DE535	0	184	224	0.022222222	0.335959197	1
2014	DE536	0	184	478	0.022111111	0.18464195	2
2014	DE537	0	184	425	0.014222222	0.23650081	2
2014	DE538	0	184	477	0.029333333	0.406605987	1
2014	DE539	0	184	377	0.023888889	0.41233324	1
2014	DE540	0	184	226	0.013111111	0.354790273	1
2014	DE541	0	184	388	0.021888889	0.339979746	1
2014	DE542	0	184	226	0.029777778	0.233025231	1
2014	DE543	0	184	393	0.014888889	0.243167295	1
2016	BE1249	0	189	306	0.356333333	0.26947007	2
2016	BE1250	0	189	268	0.266111111	0.318111263	1
2016	BE1251	0	189	197	0.119888889	0.209577661	2
2016	BE1252	0	189	244	0.193222222	0.284811755	1
2016	BE1253	0	189	356	0.250333333	0.227296143	1
2016	BE1254	0	189	364	0.172555556	0.117973358	1
2016	BE1259	1	189	203	0.227888889	0.279949486	2
2016	BE1260	0	189	324	0.379555556	0.277844018	2
2016	BE1261	0	189	409	0.313222222	0.108628622	2
2016	BE1262	0	189	194	0.314666667	0.330084603	2
2016	BE1263	0	189	214	0.366222222	0.466732813	2
2015	SBFLE770	0	189	498	0.1117	0.255720746	2
2015	SBFLE771	0	189	439	0.1342	0.171818081	2
2015	SBFLE772	0	189	125	0.212	0.247191319	1
2015	SBFLE773	0	189	440	0.1923	0.300568745	1
2015	SBFLE774	0	189	286	0.2549	0.358711474	1
2015	SBFLE775	0	189	449	0.2954	0.341144325	1
2015	SBFLE776	0	189	189	0.1158	0.335096787	1
2015	SBFLE777	0	189	566	0.337	0.16230247	2
2015	SBFLE778	0	189	459	0.1514	0.231878155	2
2015	SBFLE779	0	189	239	0.1458	0.052245171	1
2015	SBFLE780	0	189	465	0.1308	0.12916077	1
2015	SBFLE781	0	189	215	0.2454	0.302154402	1
2015	SBFLE782	0	189	342	0.2101	0.108965944	1
2015	SBFLE783	0	189	371	0.1593	0.417570835	1
2015	SBFLE784	0	189	320	0.1168	0.049707001	1
2015	SBFLE785	0	189	202	0.2756	0.350818872	1
2015	SBFLE769	0	189	182	0.2326	0.171863058	1
2015	BE0922	0	190	214	0.1402	0.373650304	1
2013	DE278	0	190	174	0.001555556	0	1
2013	DE279	1	190	350	0.001555556	0.181652698	1
2013	DE280	0	190	350	0.006777778	0.112385671	1
2013	DE281	0	190	145	0.000888889	0.479785444	1
2013	DE282	0	190	345	0.000888889	0.057582499	2
2013	DE283	1	190	411	0.038444444	0.399794454	2
2013	DE284	0	190	447	0.001666667	0.110159073	2
2013	DE285	0	190	144	0.002555556	0.457087084	2
2013	DE286	0	190	141	0.000888889	0.406702741	2
2013	DE287	0	190	164	0.000888889	0.404255433	1
2013	DE288	0	190	372	0.377111111	0.108104157	2
2013	DE289	0	190	159	0.000666667	0.1031708	2
2013	DE290	0	190	151	0.000888889	0.432137116	1
2013	DE291	0	190	134	0.000888889	0.307822787	1
2013	DE292	0	190	182	0.000888889	0.570669034	1
2013	DE293	0	190	419	0.000888889	0.337756561	1
2013	DE294	0	190	280	0.000666667	0.644515337	1
2013	DE296	0	190	338	0.000666667	0.52753658	1
2013	DE297	0	190	402	0.000888889	0.562035684	1
2013	DE298	0	190	281	0.040111111	0.159866074	1
2013	DE299	0	190	314	0.000888889	0.588008075	1
2013	DE301	0	190	427	0.001111111	0.167706346	1
2013	DE302	0	190	425	0.000888889	0.236195714	1
2015	BE0923	0	190	207	0.0889	0.113559029	1
2015	BE0924	0	190	383	0.2862	0.216078091	2
2015	BE0925	0	190	524	0.1306	0.114951021	1
2015	BE0926	0	190	265	0.1667	0.297565095	2
2015	BE0927	0	190	423	0.2903	0.191843478	2
2015	BE0928	0	190	425	0.1837	0.250635892	1
2015	BE0929	0	190	318	0.0941	0.335295221	2
2015	BE0931	0	190	361	0.1478	0.22742876	2
2015	BE0933	0	190	358	0.3006	0.295495357	1
2015	BE0934	0	190	559	0.6507	0.447879476	2
2015	BE0935	0	190	191	0.195	0.305730423	2
2015	BE0936	0	190	190	0.3001	0.05710614	1
2015	BE0937	0	190	419	0.0959	0.107625489	2
2015	BE0938	0	190	309	0.2421	0.290025005	1
2015	BE0940	0	190	436	0.1581	0.176887718	2
2015	BE0941	0	190	265	0.4213	0.392692548	2
2015	BE0942	0	190	397	0.2519	0.063998792	1
2013	SBFSE320	0	196	370	0.386	0.22797633	2
2013	SBFLE247	0	196	261	0.033	0.054300087	1
2013	SBFSE322	2	196	450	0.3715	0.174182783	1
2013	SBFSE323	1	196	440	0.27675	0.242105189	1
2013	SBFSE324	1	196	448	0.329125	0.15580204	2
2015	BE0852	0	197	113	0.153	0.316934183	2
2015	BE0944	0	197	441	0.3743	0.136621389	1
2015	BE0945	0	197	342	0.1346	0.353985893	2
2015	BE0946	0	197	404	0.224	0.049707001	2
2015	BE0947	0	197	290	0.1522	0.335558664	2
2015	BE0951	0	197	446	0.3724	0.233406039	1
2015	BE0952	0	197	312	0.255	0.1031708	2
2015	BE0953	0	197	263	0.1465	0.180403339	1
2015	BE0954	0	197	336	0.1143	0.109532834	2
2015	BE0957	0	197	385	0.1632	0.302618063	1
2015	BE0958	0	197	344	0.1648	0.28848564	2
2015	BE0961	0	197	421	0.0477	0.351129589	2
2015	BE0962	0	197	524	0.1425	0.304546103	1
2015	BE0963	0	197	304	0.1433	0.183032762	1
2015	BE0964	0	197	221	0.1617	0.165534802	1
2015	BE0965	0	197	270	0.2559	0.293709259	2
2015	BE0966	0	197	521	0.184	0.311875364	2
2015	BE0967	0	197	401	0.3919	0	1
2015	BE0949	0	197	495	0.2727	0.102476637	2
2015	BE0956	0	197	500	0.1758	0.288484301	1
2015	BE0960	0	197	410	0.3199	0.350640886	1
2015	BE0943	0	197	222	0.2236	0.16921081	1
2015	BE0948	0	202	454	0.2382	0.321336841	1
2015	BE0955	0	202	574	0.1141	0.053463798	2
2015	BE0959	0	202	393	0.1061	0.469734006	1
2012	SBFLE048	0	205	170	0.0028	0.121062708	2
2012	SBFLE050	0	205	298	0.0018	0.057582499	2
2012	SBFSE062/024	1	205	333	0.7887	0.32217313	2
2014	SBFLE486/629	0	204	578	0.273	0.428610662	1
2014	SBFLE611	0	204	475	0.167	0.180182654	2
2012	SBFSE074	0	205	280	0.0217	0.161567955	1
2012	SBFLE051	0	205	193	0.0029	0.23098705	1
2012	SBFLE052	0	205	240	0.0009	0.063292636	1
2012	SBFLE053	0	205	196	0.0009	0.058938224	1
2012	SBFLE054	0	205	335	0.0009	0.180049274	2
2012	SBFLE055	0	205	275	0.0006	0.175031392	2
2012	SBFSE075	0	205	245	0.0284	0.306794746	1
2012	SBFSE076	0	205	216	0.1477	0.167064148	1
2012	SBFSE077	0	205	244	0.283	0.164967911	2
2012	SBFSE078	0	205	251	0.3766	0.064364455	1
2012	SBFSE079	0	205	194	0.0204	0.347109829	1
2012	SBFSE080/055	1	205	331	0.0208	0.055858986	2
2012	SBFSE081	1	205	227	0.0675	0.282375139	1
2013	DE307	0	204	101	0.000888889	0.225288845	2
2013	DE308	0	204	224	0.000888889	0.426713474	2
2013	DE309	0	204	135	0.000888889	0.103032404	2
2013	DE310	0	204	344	0.002	0.232431355	1
2013	DE311	0	204	216	0.000888889	0.571105236	1
2013	DE312	0	204	474	0.002333333	0.055858986	2
2013	DE313	0	204	254	0.000888889	0.061598982	1
2013	DE314	0	204	139	0.000888889	0.514697555	2
2013	DE315	0	204	236	0.000888889	0.408147219	1
2013	DE316	0	204	121	0.000888889	0.434727142	1
2013	DE317	0	204	414	0.002555556	0.108104157	1
2013	DE318	0	204	113	0.000888889	0.565160456	2
2013	DE319	0	204	235	0.000888889	0.064673942	1
2013	DE320	0	204	237	0.001	0.408071728	2
2013	DE321	0	204	320	0.000888889	0.225082913	1
2013	DE323	0	204	400	0.000888889	0.415465577	2
2013	DE324	1	204	373	0.372444444	0	1
2013	DE325	0	204	97	0.001222222	0.107763885	1
2013	DE326	0	204	466	0.001333333	0.166059267	2
2013	DE327	0	204	410	0.211777778	0.109532834	2
2013	DE328	1	204	465	0.109222222	0.049707001	1
2014	SBFLE612	0	204	455	0.256666667	0.127767004	2
2014	SBFLE613	0	204	389	0.128444444	0.109184389	2
2014	SBFLE614	0	204	344	0.034888889	0.106789201	1
2014	SBFLE615	1	204	508	0.200444444	0.123683947	2
2014	SBFLE616	0	204	515	0.033	0.233412404	2
2014	SBFLE617	0	204	422	0.264555556	0.165920871	2
2014	SBFLE618	0	204	491	0.194333333	0.279279444	2
2014	SBFLE619	0	204	304	0.218555556	0.228075076	1
2014	SBFLE620	0	204	468	0.358777778	0.289660397	2
2014	SBFLE621	0	204	496	0.553333333	0.348145752	2
2014	SBFLE622	0	204	519	0.461111111	0.246287407	2
2014	SBFLE623	0	204	330	0.067888889	0.052245171	1
2014	SBFLE624	0	204	459	0.032555556	0.244341805	2
2014	SBFLE625	0	204	516	0.179666667	0.24163918	2
2014	SBFLE626	0	204	447	0.042888889	0.0571606	1
2014	SBFLE628	0	204	397	0.267777778	0.12343108	1
2014	SBFLE630	0	204	404	0.135	0.118537656	2
2014	SBFLE631	0	204	478	0.060222222	0.171992923	1
2014	SBFLE632	1	204	532	0.342111111	0.216061104	1
2014	SBFLE633	0	204	412	0.030111111	0.287508516	1
2014	SBFLE634	0	204	537	0.178333333	0.348408409	1
2013	DE304	0	204	108	0.000888889	0.053325402	2
2013	DE306	0	204	115	0.000888889	0.528386186	1
2014	DE415	1	205	540	0.167444444	0.22247402	2
2014	SBFSE560	0	205	490	0.230666667	0.112584344	1
2014	SBFSE561	0	205	472	0.090333333	0.223767957	2
2014	SBFSE562	0	205	357	0.012333333	0.219309319	1
2014	SBFSE563	0	205	296	0.040666667	0.459528037	1
2014	SBFSE564	0	205	468	0.046444444	0.283997336	2
2014	SBFSE565	0	205	426	0.020888889	0.116004072	1
2014	SBFSE566	0	205	396	0.041444444	0.406506621	2
2014	SBFSE567	0	205	421	0.221444444	0.273596533	2
2014	SBFSE570	0	205	401	0.024888889	0.230722085	2
2014	SBFSE571	0	205	406	0.079222222	0.052245171	2
2014	SBFSE572	1	205	473	0.102666667	0.21809464	1
2014	SBFSE573	0	205	282	0.023888889	0.222881813	1
2014	SBFSE574	0	205	419	0.015777778	0.247967059	1
2014	SBFSE575	0	205	351	0.068222222	0.121062708	1
2013	DE329	0	211	154	0.001888889	0.170600484	1
2014	DE544	1	211	477	0.458555556	0.165513933	1
2013	DE330	0	211	153	0.000888889	0.394542136	2
2013	DE331	0	211	150	0.000888889	0.180049274	1
2013	DE332	0	211	265	0.000888889	0.234276259	1
2013	DE333	0	211	410	0.002555556	0.411666597	1
2013	DE334	0	211	280	0.000888889	0.472023311	1
2013	DE335	0	211	152	0.001555556	0.064673942	1
2013	DE336	0	211	286	0.000888889	0.30416646	1
2013	DE337	0	211	298	0.000888889	0.234491238	1
2013	DE338	0	211	452	0.000888889	0.17904273	2
2013	DE339	0	211	373	0.000888889	0.529024606	1
2013	DE340	0	211	466	0.000888889	0.576061113	1
2014	DE545	0	211	472	0.021888889	0.124232798	2
2014	DE546	0	211	459	0.337111111	0.273250933	1
2014	DE547	0	211	454	0.135555556	0.105570573	2
2014	DE548	0	211	508	0.320111111	0.053325402	2
2014	DE549	0	211	447	0.013	0.298081881	2
2014	DE550	0	211	522	0.014777778	0.233826041	2
2014	DE551	0	211	526	0.643666667	0.499890303	1
2014	DE552	0	211	457	0.014777778	0.36551005	2
2014	DE553	0	211	369	0.034777778	0.175272356	2
2014	DE554	0	211	526	0.014444444	0.359351567	2
2014	DE555	0	211	441	0.057777778	0.165686656	2
2014	DE556	0	211	473	0.254333333	0.238450412	2
2014	DE557	0	211	517	0.020666667	0.636484436	2
2014	DE558	0	211	481	0.208444444	0.210102126	1
2014	DE559	0	211	416	0.035	0.156252259	1
2014	DE560	0	211	410	0.096222222	0.170662502	2
2014	DE561	0	211	459	0.024555556	0.230778056	2
2014	DE562	0	211	489	0.291444444	0.172095029	2
2014	DE563	0	211	523	0.013444444	0.400322473	1
2014	DE564	0	211	509	0.156555556	0	2
2014	DE565	0	211	421	0.013333333	0.241290031	2
2014	DE566	0	211	430	0.017111111	0.069531364	1
2014	DE567	0	211	470	0.043444444	0.183318229	2
2014	DE568	0	211	407	0.014777778	0.458869593	1
2014	DE569	0	211	454	0.015222222	0.235801611	1
2014	DE570	0	211	476	0.013222222	0.163622871	1
2013	DE305	0	212	94	0.000888889	0.23790415	2
2014	BE0460	0	212	515	0.395888889	0.350726193	1
2014	BE0461	0	212	496	0.538555556	0.234115826	2
2014	BE0462	0	212	532	0.550666667	0.27755891	1
2014	BE0463	0	212	460	0.368	0.1745824	1
2014	BE0464	1	212	449	0.175666667	0.253416888	2
2014	BE0467	0	212	546	0.243777778	0.121285497	2
2014	BE0469	0	212	560	0.507222222	0.116948245	2
2014	BE0470	0	212	392	0.265666667	0.337797882	2
2014	BE0472	0	212	542	0.494777778	0.109624567	2
2014	BE0475	0	212	468	0.200444444	0.228213472	2
2014	BE0476	0	212	571	0.382	0.289599748	2
2014	BE0477	0	212	497	0.784222222	0.419010663	2
2014	BE0478	0	212	327	0.154111111	0.112764062	2
2014	BE0479	0	212	429	0.066777778	0.412399349	2
2014	BE0480	1	212	476	0.283666667	0.167115333	1
2014	BE0481	0	212	433	0.503111111	0.16230247	2
2014	BE0482	0	212	487	0.130222222	0.227322129	1
2014	BE0483	1	212	511	0.382222222	0.159558837	2
2014	BE0484	0	212	402	0.598777778	0.400151224	2
2014	BE0485	0	212	573	0.096222222	0.221907129	2
2013	DE303	0	212	98	0.000888889	0.429617886	1
2016	BE1274	0	217	374	0.303111111	0.065203722	1
2016	BE1275	0	217	225	0.257555556	0.288428737	2
2016	BE1278	0	217	254	0.106555556	0.286325219	2
2016	BE1280	0	217	411	0.216666667	0.321744635	2
2016	BE1281	0	217	395	0.249333333	0.104007088	1
2014	SBFLE635	0	218	419	0.186555556	0.109184389	1
2014	SBFLE637	0	218	372	0.023444444	0.162648187	1
2014	SBFLE638	1	218	552	0.366666667	0.112028578	2
2014	SBFLE639	0	218	321	0.618444444	0.389910436	1
2014	SBFLE640	0	218	476	0.019111111	0.299525734	1
2014	SBFLE642	0	218	415	0.098555556	0.052769636	1
2014	SBFLE643	1	218	514	0.203888889	0.305873419	2
2014	SBFLE644	0	218	489	0.072888889	0.119084775	2
2014	SBFLE645	0	218	456	0.025888889	0.223708313	2
2014	SBFSE576	0	219	433	0.069222222	0.287626228	2
2014	SBFSE577	0	219	462	0.020888889	0.166615033	2
2015	BE0813	0	224	453	0.2482	0.331220354	2
2015	SBFLE805	0	224	231	0.1992	0.336533348	2
2015	SBFLE806	0	224	344	0.1055	0.304254588	1
2015	SBFLE807	0	224	452	0.2148	0.113431073	1
2015	SBFLE809	0	224	412	0.2876	0.237472323	1
2015	SBFLE810	0	224	369	0.1433	0.049707001	2
2015	SBFLE811	0	224	467	0.1945	0.180834994	1
2015	SBFLE812	0	224	497	0.1582	0.230983706	2
2015	SBFLE813	0	224	355	0.1954	0	1
2015	SBFLE815	0	224	404	0.3209	0.12235922	1
2015	SBFLE816	0	224	279	0.2321	0.170346561	1
2015	SBFLE817	0	224	379	0.0964	0.11866752	2
2015	SBFLE818	0	224	512	0.1723	0.125029555	1
2015	SBFLE819	0	224	307	0.1324	0.238222785	2
2015	SBFLE820	0	224	521	0.1903	0.275501015	2
2015	SBFLE791	0	224	331	0.1262	0.173062312	1
2015	SBFLE804	0	224	426	0.1274	0.373549528	1
2015	BE1103	0	225	516	0.547	0.173267318	1
2014	SBFSE433	0	225	441	0.254111111	0.171854411	2
2015	BE0968	0	225	436	0.0718	0.49080254	1
2014	DE571	0	225	588	0.032	0.302305715	1
2014	DE573	0	225	555	0.015777778	0.413743399	1
2014	DE574	1	225	485	0.166555556	0.055858986	2
2014	DE575	1	225	403	0.082777778	0.106545257	1
2014	DE577	1	225	541	0.030888889	0.17994522	1
2014	DE578	0	225	487	0.175777778	0.063998792	1
2014	DE579	0	225	481	0.096	0.113559029	2
2014	DE580	0	225	548	0.016111111	0.361749734	2
2014	DE581	0	225	440	0.193222222	0.057582499	2
2014	DE582	1	225	473	0.486222222	0.281281813	2
2014	DE583	0	225	547	0.324555556	0.209265838	2
2014	DE585	0	225	532	0.031	0.233025231	1
2014	DE587	0	225	472	0.011222222	0.539777492	1
2014	DE588	0	225	497	0.011777778	0.464613392	1
2014	DE589	1	225	494	0.183555556	0.227508185	2
2014	DE590	0	225	473	0.014	0.460172402	1
2014	DE591	0	225	488	0.226555556	0.108104157	2
2014	DE592	0	225	542	0.290555556	0.109184389	1
2014	DE593	1	225	493	0.572111111	0.34238313	2
2014	DE595	0	225	500	0.024111111	0.403311047	2
2014	DE596	0	225	433	0.103	0.065034496	1
2014	DE597	0	225	452	0.035777778	0	1
2014	DE598	0	225	528	0.027222222	0.222366987	2
2014	DE599	0	225	561	0.031	0.246409618	1
2014	DE600	0	225	482	0.012333333	0.234285019	2
2015	BE0969	0	225	421	0.4913	0.3439274	1
2015	BE0970	0	225	425	0.2077	0.40462915	1
2015	BE0971	0	225	500	0.1315	0.118770476	2
2015	BE0973	0	225	570	0.1015	0.249243705	1
2015	BE0974	0	225	540	0.1964	0.111046298	1
2015	BE0975	0	225	465	0.1561	0.334395565	2
2015	BE0976	0	225	458	0.3658	0.228300526	1
2015	BE0977	0	225	413	0.3063	0.168374522	1
2015	BE0978	0	225	471	0.1751	0.112071003	1
2015	BE0979	0	225	386	0.1353	0.296002354	2
2015	BE0980	0	225	366	0.4028	0.364910396	2
2015	BE0981	0	225	394	0.1316	0.360307487	1
2015	BE0982	0	225	455	0.1713	0.114741498	2
2015	BE0983	0	225	537	0.2125	0	2
2015	BE0984	0	225	382	0.1131	0.168791776	1
2015	BE0985	0	225	520	0.1913	0.107069723	1
2015	BE0986	0	225	527	0.1339	0.159534671	2
2015	BE0987A	0	225	538	0.3814	0.242013094	2
2015	BE0988A	0	225	493	0.0887	0.173964962	1
2015	BE0989	0	225	347	0.3358	0.183375176	1
2015	BE0990	0	225	327	0.0872	0.358787655	1
2015	BE0992	0	225	413	0.0603	0.289643958	2
2015	BE0993	0	225	483	0.4422	0.271625255	2
2015	BE0994	0	225	421	0.1049	0.053463798	2
2015	BE0995	0	225	352	0.231	0.165804199	1
2015	BE0996	0	225	369	0.1523	0.170126783	1
2015	BE0997	0	225	300	0.3094	0.364919824	1
2015	BE0998	0	225	501	0.2168	0.23738555	2
2013	SBFLE250	0	226	414	0.4929	0.057582499	2
2013	SBFLE251	1	226	449	0.0353	0.15541597	1
2013	SBFLE252	1	226	496	0.1073	0.16539182	2
2013	SBFLE253	0	226	445	0.054	0.17780594	1
2013	SBFLE254	0	226	502	0.0327	0.359819111	2
2013	SBFLE260	0	226	440	0.0255	0.129038397	2
2013	SBFLE264	0	226	455	0.0137	0.183211598	1
2013	SBFLE265	0	226	540	0.0468	0.180192556	1
2013	SBFSE325	1	226	666	0.301375	0.166626114	1
2013	SBFSE326	1	226	447	0.026625	0.230890378	2
2013	SBFSE327	1	226	572	0.05425	0.328463511	2
2013	SBFSE328	1	226	582	0.438625	0.278588261	2
2013	SBFSE329	0	226	517	0.082	0.220012241	1
2013	SBFSE331	0	226	330	0.085875	0.053463798	2
2013	SBFSE333	0	226	470	0.04975	0.232561506	2
2013	SBFSE335	0	226	434	0.06725	0.174526507	1
2013	SBFSE338	0	226	409	0.300375	0.217778868	1
2013	SBFSE339	1	226	382	0.03525	0.280464312	1
2013	SBFSE340	0	226	447	0.048	0.108104157	1
2013	SBFSE341	0	226	511	0.112625	0.108104157	2
2013	SBFSE342	0	226	403	0.064875	0.307134909	1
2013	SBFSE343	1	226	592	0.322375	0.106095038	2
2013	SBFSE345	1	226	529	0.30575	0.113151235	2
2013	SBFSE347	1	226	469	0.422	0.235370566	1
2013	SBFSE348	0	226	439	0.0415	0.458020563	2
2013	SBFSE351	0	226	448	0.0815	0.175581844	1
2015	SBFLE821	0	231	439	0.0696	0.177274725	2
2015	SBFLE822	0	231	479	0.0927	0.326625384	2
2015	SBFLE823	0	231	479	0.2209	0.309913481	2
2015	SBFLE824	0	231	439	0.441	0.415071953	1
2015	SBFLE825	0	231	404	0.1449	0.318553371	2
2015	SBFLE826	0	231	516	0.2719	0	1
2015	SBFLE827	0	231	553	0.0744	0.111227884	2
2015	SBFLE828	0	231	444	0.1479	0.052245171	2
2015	SBFLE829	0	231	403	0.1932	0.285362443	1
2015	SBFLE830	0	231	504	0.2472	0.235972702	2
2015	SBFLE831	0	231	444	0.2111	0.181652698	1
2015	SBFLE832	0	231	501	0.2087	0.193870158	1
2015	SBFLE833	0	231	456	0.2785	0.2348148	1
2015	SBFLE834	0	231	401	0.3263	0.123754043	1
2015	SBFLE835	0	231	497	0.219	0.308198812	1
2015	BE0999	0	232	436	0.2509	0.10885811	2
2015	BE0767	0	232	382	0.1166	0	1
2015	BE1000	0	232	434	0.2416	0.15580204	2
2015	BE1001	0	232	486	0.3364	0.116004072	2
2015	BE1002	0	232	430	0.2806	0.130238219	1
2015	BE1003	0	232	393	0.1031	0.490821109	1
2015	BE1004	0	232	491	0.1341	0.117408332	2
2015	BE1005	0	232	430	0.1677	0.123008346	1
2015	BE1006	0	232	527	0.4124	0.302992088	2
2015	BE1007	0	232	561	0.1086	0	1
2015	BE1008	0	232	411	0.2617	0.238638904	1
2015	BE1009	0	232	477	0.1524	0.287264573	1
2015	BE1010	0	232	561	0.1496	0.271100789	2
2015	BE1011	0	232	516	0.3346	0.393747169	2
2015	BE1012	0	232	401	0.0587	0.176435458	2
2015	BE1013	0	232	470	0.1385	0.278202192	2
2015	BE1014	0	232	511	0.2101	0.15541597	2
2015	BE1015	0	232	399	0.438	0.175386632	1
2015	BE1016	0	232	516	0.4371	0.190101398	2
2015	BE1017	0	232	507	0.3243	0.246454785	1
2015	BE1018	0	232	405	0.2453	0.24114612	1
2015	BE1019	0	232	370	0.1118	0.11272274	2
2015	BE1020	0	232	387	0.2552	0.224064282	1
2015	BE1021	0	232	407	0.3284	0.121062708	2
2015	BE1022	0	232	442	0.1116	0.170346561	1
2015	BE1023	0	232	472	0.1709	0.396956692	2
2015	BE1024	0	232	554	0.2794	0.243606929	1
2015	BE1025	0	232	394	0.174	0.223767957	1
2015	BE1026	0	232	358	0.0969	0.104007088	1
2015	BE1027	0	232	520	0.3864	0.162996632	1
2015	BE1028	0	232	419	0.0665	0.06305706	1
2015	BE1029	0	232	367	0.1476	0.177258286	1
2015	BE1030	0	232	470	0.161	0.182114471	1
2014	DE601	0	240	418	0.121111111	0.215393658	1
2014	DE602	0	240	476	0.012333333	0.395742441	1
2014	DE603	0	240	451	0.012777778	0.489701124	1
2014	DE604	1	240	459	0.075444444	0.108628622	1
2014	DE605	0	240	476	0.039333333	0.297448931	2
2014	DE606	0	240	479	0.018777778	0.463339562	2
2014	DE607	0	240	454	0.124444444	0.106545257	2
2014	DE608	0	240	436	0.016888889	0.295454656	1
2014	DE609	0	240	482	0.327	0	2
2014	DE610	0	240	506	0.031666667	0.328283368	2
2014	DE612	0	240	485	0.012111111	0.288486682	1
2014	DE613	0	240	496	0.013222222	0.251903454	2
2014	DE614	1	240	452	0.022888889	0.301259269	2
2014	DE615	0	240	472	0.013222222	0.338800256	1
2014	DE616	0	240	399	0.016111111	0.172410177	2
2014	DE617	1	240	419	0.024777778	0.159534671	1
2014	SBFLE402	0	241	496	0.224	0.054300087	1
2014	BE0486	0	241	450	0.026111111	0.281596229	1
2014	BE0487	0	241	605	0.683333333	0.343316622	2
2014	BE0488	0	241	503	0.319444444	0.187183227	2
2014	BE0490	0	241	461	0.357333333	0.166905284	2
2014	BE0491	0	241	404	0.191777778	0.295918481	2
2014	BE0492	0	241	578	0.412777778	0.287009653	2
2014	BE0493	1	241	572	0.44	0.174218885	2
2014	BE0494	0	241	407	0.050111111	0.334077436	1
2014	BE0495	1	241	462	0.306222222	0.235021842	1
2014	BE0496	1	241	425	0.345	0.279281226	1
2014	BE0497	0	241	468	0.450777778	0.172829211	2
2014	BE0498	0	241	483	0.665777778	0.351871227	1
2014	BE0499	0	241	487	0.293333333	0.281265374	1
2015	BE1031	0	253	473	0.1081	0.301779124	1
2015	BE1032	0	253	406	0.2653	0.12543531	1
2015	BE1033	0	253	500	0.2398	0.199550649	1
2015	BE1034	0	253	476	0.4238	0.181704697	1
2015	BE1035	0	253	338	0.1835	0.34631631	1
2015	BE1036	0	253	440	0.4321	0.380300177	2
2015	BE1037	0	253	467	0.402	0.133872673	1
2015	BE1038	0	253	483	0.1674	0.147034454	2
2015	BE1039	0	253	337	0.1147	0.242150042	2
2015	BE1040	0	253	487	0.1174	0.187145601	2
2015	BE1041	0	253	514	0.236	0.065747729	2
2015	BE1042	0	253	503	0.2159	0.312873855	2
2015	BE1043	0	253	445	0.1575	0.140292319	1
2015	BE1044	0	253	450	0.3396	0.129479499	1
2015	BE1045	0	253	357	0.38	0.140924553	1
2015	BE1046	0	253	389	0.1771	0.136683914	1
2015	BE1047	0	253	473	0.0668	0.172700428	2
2015	BE1048	0	253	457	0.1318	0.321888692	1
2015	BE1049	0	253	410	0.2246	0.168306714	1
2015	BE1050	0	253	417	0.3013	0.479774332	1
2014	BE0431	0	258	360	0.309222222	0.234141812	2
2015	BE1052	0	259	513	0.3019	0.069185066	2
2015	BE1053	0	259	477	0.3065	0.185653691	1
2015	BE1054	0	259	453	0.0812	0.354055868	1
2015	BE1055	0	259	465	0.0958	0.245031509	2
2015	BE1056	0	259	481	0.2654	0.202747607	1
2015	BE1058	0	259	473	0.1745	0.115540883	1
2015	BE1059	0	259	434	0.1932	0.299207835	2
2015	BE1060	0	259	401	0.1275	0.256992572	1
2015	BE1061	0	259	512	0.2796	0	2
2015	BE1062	0	259	446	0.2407	0.259882654	1
2015	BE1063	0	259	516	0.3139	0.293374768	2
2015	SBFLE759	0	261	488	0.1234	0.121062708	2
2015	SBFLE788	0	261	487	0.1758	0.289266196	2
2015	SBFLE792	0	261	459	0.1153	0.311319453	2
2014	SBFSE579	0	261	427	0.104777778	0.221393788	1
2015	SBFLE789	0	261	464	0.0887	0.355521774	1
2015	SBFLE790	0	261	471	0.1417	0.286622392	2
2015	SBFLE796	0	261	437	0.2628	0	2
2015	SBFLE797	0	261	439	0.3927	0.242847182	2
2015	SBFLE798	0	261	427	0.0883	0.232037041	1
2015	SBFLE799	0	261	431	0.431	0.236111098	1
2015	SBFLE801	0	261	432	0.2553	0.356618547	2
2015	SBFLE802	0	261	429	0.2386	0.239200448	2
2015	SBFLE851	0	266	497	0.1998	0.243265625	1
2015	SBFLE852	0	266	457	0.1609	0.18252224	1
2015	SBFLE853	0	266	447	0.3114	0.049707001	1
2015	SBFLE854	0	266	441	0.2162	0.171429063	2
2015	SBFLE855	0	266	550	0.2369	0.262383593	2
2015	SBFLE856	0	266	432	0.0883	0.306191962	2
2015	SBFLE857	0	266	487	0.3083	0.33922875	1
2015	SBFLE858	0	266	445	0.1452	0.161211114	1
2015	SBFLE859	0	266	512	0.1204	0.19903987	2
2015	SBFLE860	0	266	438	0.282	0.118528295	1
2015	SBFLE861	0	266	416	0.2545	0.253812182	1
2015	SBFLE862	0	266	503	0.1676	0.17861157	2
2015	BE1080	0	267	395	0.2198	0.372019974	1
2015	BE1064	0	267	472	0.2147	0.122504503	1
2015	BE1065	0	267	456	0.2614	0.178464415	2
2015	BE1066	0	267	411	0.1419	0.245759974	1
2015	BE1067	0	267	447	0.2078	0.1031708	1
2015	BE1068	0	267	519	0.2889	0.116800196	2
2015	BE1069	0	267	406	0.2605	0.168791776	1
2015	BE1070	0	267	506	0.1951	0.112028578	2
2015	BE1071	0	267	597	0.2679	0.173062312	2
2015	BE1072	0	267	557	0.3356	0.177420168	2
2015	BE1073	0	267	504	0.3426	0.173307879	2
2015	BE1074	0	267	462	0.3067	0.332259264	1
2015	BE1075	0	267	489	0.4102	0.347023118	2
2015	BE1076	0	267	484	0.1251	0.185420505	2
2015	BE1077	0	267	497	0.5293	0.110219099	1
2015	BE1078	0	267	433	0.1203	0.188303164	2
2015	BE1081	0	267	473	0.0796	0.291854288	1
2015	BE1082	0	267	470	0.2372	0.228031129	1
2015	BE1083	0	267	441	0.0527	0.055858986	1
2015	BE1084	0	267	546	0.2542	0.366812686	2
2015	BE1085	0	267	466	0.1635	0.227855496	1
2015	BE1086	0	267	437	0.1037	0.049707001	1
2015	SBFLE839	0	271	359	0.1452	0.160753299	1
2015	BE1087	0	273	511	0.2	0.241066863	2
2015	BE1089	0	273	512	0.4116	0.220579132	1
2015	BE1090	0	273	416	0.394	0.266604394	1
2015	BE1091	0	273	420	0.0663	0.053463798	1
2015	BE1092	0	273	482	0.1709	0.057192994	1
2015	BE1094	0	273	480	0.2478	0.225499709	2
2015	BE0792	0	287	167	0.2351	0.106789201	2
2015	SBFLE882	0	287	423	0.0966	0.422856179	2
2015	SBFLE884	0	287	464	0.2289	0.283891637	1
2015	SBFLE885	0	287	530	0.2577	0.166766888	2
2015	SBFLE886	0	287	330	0.1343	0.234008615	1
2015	SBFLE887	0	287	463	0.1447	0.372544182	2
2015	SBFLE888	0	287	425	0.3489	0.168371543	1
2015	SBFLE890	0	287	406	0.1682	0.108104157	1
2015	SBFLE891	0	287	432	0.2035	0.128938624	1
2015	SBFLE892	0	287	460	0.1108	0.059336055	2
2015	SBFLE881	0	287	525	0.6272	0.467213283	1
2014	BE0466	0	288	442	0.279333333	0.190081379	2
2014	BE0473	1	288	428	0.361	0.112595469	1
2014	DE623	0	288	481	0.022111111	0.346876909	1
2014	DE624	0	288	468	0.053333333	0.118974028	2
2014	DE626	0	288	425	0.018	0.346557274	1
2014	DE627	0	288	512	0.364666667	0.333510545	2
2014	DE628	1	288	442	0.241555556	0.182098605	1
2014	DE630	0	288	460	0.050444444	0.239613588	1
2015	BE1096	0	288	504	0.2696	0.126830924	1
2015	BE1097	0	288	496	0.1798	0.17995738	1
2015	BE1098	0	288	480	0.0652	0.287813159	1
2014	SBFSE422	0	288	461	0.297555556	0.215060982	2
2014	DE619	0	288	408	0.048222222	0.129398951	1
2015	BE1079	0	288	415	0.2243	0.167151135	1
2015	BE1095	0	288	478	0.2313	0.161211114	2
2014	BE0413	0	296	353	0.490222222	0.166766888	2
2014	SBFLE652	0	296	413	0.056444444	0.17030524	1
2014	SBFLE653	0	296	440	0.366555556	0.17087213	1
2014	SBFLE654	1	296	386	0.030666667	0.306457485	1
2014	SBFLE655	0	296	564	0.375666667	0.272550061	2
2014	SBFLE656	1	296	401	0.303555556	0.22120537	1
2014	SBFLE658	0	296	429	0.077555556	0.221696945	2
2014	SBFLE650	0	296	400	0.372111111	0.536649491	1
2014	SBFLE673	0	296	465	0.041333333	0.243713453	2
2014	SBFLE578	0	296	440	0.040111111	0.054300087	2
2014	SBFLE659	0	297	491	0.136444444	0.176928197	1
2014	BE0419	1	297	422	0.43	0.279606258	2
2014	SBFLE661	0	297	458	0.253777778	0.120816519	2
2014	SBFLE663	0	297	469	0.264111111	0.123344769	1
2014	SBFLE664	1	297	462	0.081888889	0.115302231	2
2014	SBFLE665	1	297	437	0.333111111	0.30254967	1
2014	SBFLE666	0	297	532	0.033555556	0.32734128	2
2014	SBFLE667	0	297	408	0.056888889	0.129326021	1
2014	SBFLE668	0	297	433	0.086	0	1
2014	SBFLE669	0	297	453	0.038777778	0.128940317	2
2014	SBFLE647	0	297	438	0.128333333	0.065203722	1
2015	SBFLE904	0	302	380	0.1344	0.057044945	2
2014	DE631	0	302	465	0.153333333	0.227709282	1
2015	BE1100	0	302	412	0.2513	0.225818625	1
2014	BE0457	0	302	435	0.089444444	0.171997553	2
2014	BE0465	0	302	448	0.278777778	0.373068531	2
2014	DE634	0	302	474	0.212444444	0.052769636	2
2014	DE636	0	302	436	0.078555556	0.110159073	2
2014	DE637	0	302	389	0.217333333	0.235020503	1
2015	BE1101	0	302	439	0.172	0.131232959	1
2015	BE1102	1	302	425	0.1544	0.225809032	1
2014	SBFSE413	0	302	500	0.096555556	0.109322785	1
2014	SBFSE401	0	302	108	0.176444444	0.052769636	1
2015	SBFLE842	0	302	430	0.0945	0.335989709	1
2014	SBFLE670	0	310	472	0.140444444	0.111882586	2
2014	BE0500	0	310	332	0.505888889	0.123501033	2
2014	BE0501	0	310	450	0.175222222	0.287152172	1
2014	BE0503	0	310	396	0.039444444	0.119084775	1
2014	BE0504	0	310	456	0.350444444	0.161778005	1
2014	BE0505	0	310	444	0.161777778	0.328239866	1
2014	BE0506	1	310	456	0.039666667	0.2387773	1
2014	BE0507	0	310	477	0.705111111	0.423836026	1
2014	BE0508	0	310	524	0.129222222	0.213329872	2
2014	BE0509	0	310	415	0.309555556	0	2
2014	BE0510	0	310	439	0.366888889	0.117999344	2
2014	BE0511	0	310	445	0.211111111	0.113289631	1
2014	BE0512	1	310	405	0.106	0.218997496	1
2014	SBFLE672	1	310	420	0.280333333	0.057582499	2
2014	SBFSE581	0	314	367	0.030555556	0.291822516	1
2014	SBFSE580	0	314	446	0.016333333	0.108104157	2
